H 0 
H 1 
RZZ 0 1 0.24156817998150726
H 2 
RZZ 0 2 0.24156817998150726
RZZ 1 2 0.24156817998150726
H 3 
RZZ 0 3 0.24156817998150726
RZZ 1 3 0.24156817998150726
RZZ 2 3 0.24156817998150726
H 4 
RZZ 0 4 0.24156817998150726
RZZ 1 4 0.24156817998150726
RZZ 2 4 0.24156817998150726
RZZ 3 4 0.24156817998150726
H 5 
RZZ 0 5 0.24156817998150726
RZZ 1 5 0.24156817998150726
RZZ 2 5 0.24156817998150726
RZZ 3 5 0.24156817998150726
RZZ 4 5 0.24156817998150726
H 6 
RZZ 0 6 0.24156817998150726
RZZ 1 6 0.24156817998150726
RZZ 2 6 0.24156817998150726
RZZ 3 6 0.24156817998150726
RZZ 4 6 0.24156817998150726
RZZ 5 6 0.24156817998150726
H 7 
RZZ 0 7 0.24156817998150726
RZZ 1 7 0.24156817998150726
RZZ 2 7 0.24156817998150726
RZZ 3 7 0.24156817998150726
RZZ 4 7 0.24156817998150726
RZZ 5 7 0.24156817998150726
RZZ 6 7 0.24156817998150726
H 8 
RZZ 0 8 0.24156817998150726
RZZ 1 8 0.24156817998150726
RZZ 2 8 0.24156817998150726
RZZ 3 8 0.24156817998150726
RZZ 4 8 0.24156817998150726
RZZ 5 8 0.24156817998150726
RZZ 6 8 0.24156817998150726
RZZ 7 8 0.24156817998150726
H 9 
RZZ 0 9 0.24156817998150726
RZZ 1 9 0.24156817998150726
RZZ 2 9 0.24156817998150726
RZZ 3 9 0.24156817998150726
RZZ 4 9 0.24156817998150726
RZZ 5 9 0.24156817998150726
RZZ 6 9 0.24156817998150726
RZZ 7 9 0.24156817998150726
RZZ 8 9 0.24156817998150726
H 10 
RZZ 0 10 0.24156817998150726
RZZ 1 10 0.24156817998150726
RZZ 2 10 0.24156817998150726
RZZ 3 10 0.24156817998150726
RZZ 4 10 0.24156817998150726
RZZ 5 10 0.24156817998150726
RZZ 6 10 0.24156817998150726
RZZ 7 10 0.24156817998150726
RZZ 8 10 0.24156817998150726
RZZ 9 10 0.24156817998150726
H 11 
RZZ 0 11 0.24156817998150726
RZZ 1 11 0.24156817998150726
RZZ 2 11 0.24156817998150726
RZZ 3 11 0.24156817998150726
RZZ 4 11 0.24156817998150726
RZZ 5 11 0.24156817998150726
RZZ 6 11 0.24156817998150726
RZZ 7 11 0.24156817998150726
RZZ 8 11 0.24156817998150726
RZZ 9 11 0.24156817998150726
RZZ 10 11 0.24156817998150726
H 12 
RZZ 0 12 0.24156817998150726
RZZ 1 12 0.24156817998150726
RZZ 2 12 0.24156817998150726
RZZ 3 12 0.24156817998150726
RZZ 4 12 0.24156817998150726
RZZ 5 12 0.24156817998150726
RZZ 6 12 0.24156817998150726
RZZ 7 12 0.24156817998150726
RZZ 8 12 0.24156817998150726
RZZ 9 12 0.24156817998150726
RZZ 10 12 0.24156817998150726
RZZ 11 12 0.24156817998150726
H 13 
RZZ 0 13 0.24156817998150726
RZZ 1 13 0.24156817998150726
RZZ 2 13 0.24156817998150726
RZZ 3 13 0.24156817998150726
RZZ 4 13 0.24156817998150726
RZZ 5 13 0.24156817998150726
RZZ 6 13 0.24156817998150726
RZZ 7 13 0.24156817998150726
RZZ 8 13 0.24156817998150726
RZZ 9 13 0.24156817998150726
RZZ 10 13 0.24156817998150726
RZZ 11 13 0.24156817998150726
RZZ 12 13 0.24156817998150726
H 14 
RZZ 0 14 0.24156817998150726
RZZ 1 14 0.24156817998150726
RZZ 2 14 0.24156817998150726
RZZ 3 14 0.24156817998150726
RZZ 4 14 0.24156817998150726
RZZ 5 14 0.24156817998150726
RZZ 6 14 0.24156817998150726
RZZ 7 14 0.24156817998150726
RZZ 8 14 0.24156817998150726
RZZ 9 14 0.24156817998150726
RZZ 10 14 0.24156817998150726
RZZ 11 14 0.24156817998150726
RZZ 12 14 0.24156817998150726
RZZ 13 14 0.24156817998150726
H 15 
RZZ 0 15 0.24156817998150726
RZZ 1 15 0.24156817998150726
RZZ 2 15 0.24156817998150726
RZZ 3 15 0.24156817998150726
RZZ 4 15 0.24156817998150726
RZZ 5 15 0.24156817998150726
RZZ 6 15 0.24156817998150726
RZZ 7 15 0.24156817998150726
RZZ 8 15 0.24156817998150726
RZZ 9 15 0.24156817998150726
RZZ 10 15 0.24156817998150726
RZZ 11 15 0.24156817998150726
RZZ 12 15 0.24156817998150726
RZZ 13 15 0.24156817998150726
RZZ 14 15 0.24156817998150726
H 16 
RZZ 0 16 0.24156817998150726
RZZ 1 16 0.24156817998150726
RZZ 2 16 0.24156817998150726
RZZ 3 16 0.24156817998150726
RZZ 4 16 0.24156817998150726
RZZ 5 16 0.24156817998150726
RZZ 6 16 0.24156817998150726
RZZ 7 16 0.24156817998150726
RZZ 8 16 0.24156817998150726
RZZ 9 16 0.24156817998150726
RZZ 10 16 0.24156817998150726
RZZ 11 16 0.24156817998150726
RZZ 12 16 0.24156817998150726
RZZ 13 16 0.24156817998150726
RZZ 14 16 0.24156817998150726
RZZ 15 16 0.24156817998150726
H 17 
RZZ 0 17 0.24156817998150726
RZZ 1 17 0.24156817998150726
RZZ 2 17 0.24156817998150726
RZZ 3 17 0.24156817998150726
RZZ 4 17 0.24156817998150726
RZZ 5 17 0.24156817998150726
RZZ 6 17 0.24156817998150726
RZZ 7 17 0.24156817998150726
RZZ 8 17 0.24156817998150726
RZZ 9 17 0.24156817998150726
RZZ 10 17 0.24156817998150726
RZZ 11 17 0.24156817998150726
RZZ 12 17 0.24156817998150726
RZZ 13 17 0.24156817998150726
RZZ 14 17 0.24156817998150726
RZZ 15 17 0.24156817998150726
RZZ 16 17 0.24156817998150726
H 18 
RZZ 0 18 0.24156817998150726
RZZ 1 18 0.24156817998150726
RZZ 2 18 0.24156817998150726
RZZ 3 18 0.24156817998150726
RZZ 4 18 0.24156817998150726
RZZ 5 18 0.24156817998150726
RZZ 6 18 0.24156817998150726
RZZ 7 18 0.24156817998150726
RZZ 8 18 0.24156817998150726
RZZ 9 18 0.24156817998150726
RZZ 10 18 0.24156817998150726
RZZ 11 18 0.24156817998150726
RZZ 12 18 0.24156817998150726
RZZ 13 18 0.24156817998150726
RZZ 14 18 0.24156817998150726
RZZ 15 18 0.24156817998150726
RZZ 16 18 0.24156817998150726
RZZ 17 18 0.24156817998150726
H 19 
RZZ 0 19 0.24156817998150726
RZZ 1 19 0.24156817998150726
RZZ 2 19 0.24156817998150726
RZZ 3 19 0.24156817998150726
RZZ 4 19 0.24156817998150726
RZZ 5 19 0.24156817998150726
RZZ 6 19 0.24156817998150726
RZZ 7 19 0.24156817998150726
RZZ 8 19 0.24156817998150726
RZZ 9 19 0.24156817998150726
RZZ 10 19 0.24156817998150726
RZZ 11 19 0.24156817998150726
RZZ 12 19 0.24156817998150726
RZZ 13 19 0.24156817998150726
RZZ 14 19 0.24156817998150726
RZZ 15 19 0.24156817998150726
RZZ 16 19 0.24156817998150726
RZZ 17 19 0.24156817998150726
RZZ 18 19 0.24156817998150726
H 20 
RZZ 0 20 0.24156817998150726
RZZ 1 20 0.24156817998150726
RZZ 2 20 0.24156817998150726
RZZ 3 20 0.24156817998150726
RZZ 4 20 0.24156817998150726
RZZ 5 20 0.24156817998150726
RZZ 6 20 0.24156817998150726
RZZ 7 20 0.24156817998150726
RZZ 8 20 0.24156817998150726
RZZ 9 20 0.24156817998150726
RZZ 10 20 0.24156817998150726
RZZ 11 20 0.24156817998150726
RZZ 12 20 0.24156817998150726
RZZ 13 20 0.24156817998150726
RZZ 14 20 0.24156817998150726
RZZ 15 20 0.24156817998150726
RZZ 16 20 0.24156817998150726
RZZ 17 20 0.24156817998150726
RZZ 18 20 0.24156817998150726
RZZ 19 20 0.24156817998150726
H 21 
RZZ 0 21 0.24156817998150726
RZZ 1 21 0.24156817998150726
RZZ 2 21 0.24156817998150726
RZZ 3 21 0.24156817998150726
RZZ 4 21 0.24156817998150726
RZZ 5 21 0.24156817998150726
RZZ 6 21 0.24156817998150726
RZZ 7 21 0.24156817998150726
RZZ 8 21 0.24156817998150726
RZZ 9 21 0.24156817998150726
RZZ 10 21 0.24156817998150726
RZZ 11 21 0.24156817998150726
RZZ 12 21 0.24156817998150726
RZZ 13 21 0.24156817998150726
RZZ 14 21 0.24156817998150726
RZZ 15 21 0.24156817998150726
RZZ 16 21 0.24156817998150726
RZZ 17 21 0.24156817998150726
RZZ 18 21 0.24156817998150726
RZZ 19 21 0.24156817998150726
RZZ 20 21 0.24156817998150726
H 22 
RZZ 0 22 0.24156817998150726
RZZ 1 22 0.24156817998150726
RZZ 2 22 0.24156817998150726
RZZ 3 22 0.24156817998150726
RZZ 4 22 0.24156817998150726
RZZ 5 22 0.24156817998150726
RZZ 6 22 0.24156817998150726
RZZ 7 22 0.24156817998150726
RZZ 8 22 0.24156817998150726
RZZ 9 22 0.24156817998150726
RZZ 10 22 0.24156817998150726
RZZ 11 22 0.24156817998150726
RZZ 12 22 0.24156817998150726
RZZ 13 22 0.24156817998150726
RZZ 14 22 0.24156817998150726
RZZ 15 22 0.24156817998150726
RZZ 16 22 0.24156817998150726
RZZ 17 22 0.24156817998150726
RZZ 18 22 0.24156817998150726
RZZ 19 22 0.24156817998150726
RZZ 20 22 0.24156817998150726
RZZ 21 22 0.24156817998150726
H 23 
RZZ 0 23 0.24156817998150726
RX 0 2.4689046005240467
RZZ 1 23 0.24156817998150726
RX 1 2.4689046005240467
RZZ 0 1 -1.5103652737540938
RZZ 2 23 0.24156817998150726
RX 2 2.4689046005240467
RZZ 0 2 -1.5103652737540938
RZZ 1 2 -1.5103652737540938
RZZ 3 23 0.24156817998150726
RX 3 2.4689046005240467
RZZ 0 3 -1.5103652737540938
RZZ 1 3 -1.5103652737540938
RZZ 2 3 -1.5103652737540938
RZZ 4 23 0.24156817998150726
RX 4 2.4689046005240467
RZZ 0 4 -1.5103652737540938
RZZ 1 4 -1.5103652737540938
RZZ 2 4 -1.5103652737540938
RZZ 3 4 -1.5103652737540938
RZZ 5 23 0.24156817998150726
RX 5 2.4689046005240467
RZZ 0 5 -1.5103652737540938
RZZ 1 5 -1.5103652737540938
RZZ 2 5 -1.5103652737540938
RZZ 3 5 -1.5103652737540938
RZZ 4 5 -1.5103652737540938
RZZ 6 23 0.24156817998150726
RX 6 2.4689046005240467
RZZ 0 6 -1.5103652737540938
RZZ 1 6 -1.5103652737540938
RZZ 2 6 -1.5103652737540938
RZZ 3 6 -1.5103652737540938
RZZ 4 6 -1.5103652737540938
RZZ 5 6 -1.5103652737540938
RZZ 7 23 0.24156817998150726
RX 7 2.4689046005240467
RZZ 0 7 -1.5103652737540938
RZZ 1 7 -1.5103652737540938
RZZ 2 7 -1.5103652737540938
RZZ 3 7 -1.5103652737540938
RZZ 4 7 -1.5103652737540938
RZZ 5 7 -1.5103652737540938
RZZ 6 7 -1.5103652737540938
RZZ 8 23 0.24156817998150726
RX 8 2.4689046005240467
RZZ 0 8 -1.5103652737540938
RZZ 1 8 -1.5103652737540938
RZZ 2 8 -1.5103652737540938
RZZ 3 8 -1.5103652737540938
RZZ 4 8 -1.5103652737540938
RZZ 5 8 -1.5103652737540938
RZZ 6 8 -1.5103652737540938
RZZ 7 8 -1.5103652737540938
RZZ 9 23 0.24156817998150726
RX 9 2.4689046005240467
RZZ 0 9 -1.5103652737540938
RZZ 1 9 -1.5103652737540938
RZZ 2 9 -1.5103652737540938
RZZ 3 9 -1.5103652737540938
RZZ 4 9 -1.5103652737540938
RZZ 5 9 -1.5103652737540938
RZZ 6 9 -1.5103652737540938
RZZ 7 9 -1.5103652737540938
RZZ 8 9 -1.5103652737540938
RZZ 10 23 0.24156817998150726
RX 10 2.4689046005240467
RZZ 0 10 -1.5103652737540938
RZZ 1 10 -1.5103652737540938
RZZ 2 10 -1.5103652737540938
RZZ 3 10 -1.5103652737540938
RZZ 4 10 -1.5103652737540938
RZZ 5 10 -1.5103652737540938
RZZ 6 10 -1.5103652737540938
RZZ 7 10 -1.5103652737540938
RZZ 8 10 -1.5103652737540938
RZZ 9 10 -1.5103652737540938
RZZ 11 23 0.24156817998150726
RX 11 2.4689046005240467
RZZ 0 11 -1.5103652737540938
RZZ 1 11 -1.5103652737540938
RZZ 2 11 -1.5103652737540938
RZZ 3 11 -1.5103652737540938
RZZ 4 11 -1.5103652737540938
RZZ 5 11 -1.5103652737540938
RZZ 6 11 -1.5103652737540938
RZZ 7 11 -1.5103652737540938
RZZ 8 11 -1.5103652737540938
RZZ 9 11 -1.5103652737540938
RZZ 10 11 -1.5103652737540938
RZZ 12 23 0.24156817998150726
RX 12 2.4689046005240467
RZZ 0 12 -1.5103652737540938
RZZ 1 12 -1.5103652737540938
RZZ 2 12 -1.5103652737540938
RZZ 3 12 -1.5103652737540938
RZZ 4 12 -1.5103652737540938
RZZ 5 12 -1.5103652737540938
RZZ 6 12 -1.5103652737540938
RZZ 7 12 -1.5103652737540938
RZZ 8 12 -1.5103652737540938
RZZ 9 12 -1.5103652737540938
RZZ 10 12 -1.5103652737540938
RZZ 11 12 -1.5103652737540938
RZZ 13 23 0.24156817998150726
RX 13 2.4689046005240467
RZZ 0 13 -1.5103652737540938
RZZ 1 13 -1.5103652737540938
RZZ 2 13 -1.5103652737540938
RZZ 3 13 -1.5103652737540938
RZZ 4 13 -1.5103652737540938
RZZ 5 13 -1.5103652737540938
RZZ 6 13 -1.5103652737540938
RZZ 7 13 -1.5103652737540938
RZZ 8 13 -1.5103652737540938
RZZ 9 13 -1.5103652737540938
RZZ 10 13 -1.5103652737540938
RZZ 11 13 -1.5103652737540938
RZZ 12 13 -1.5103652737540938
RZZ 14 23 0.24156817998150726
RX 14 2.4689046005240467
RZZ 0 14 -1.5103652737540938
RZZ 1 14 -1.5103652737540938
RZZ 2 14 -1.5103652737540938
RZZ 3 14 -1.5103652737540938
RZZ 4 14 -1.5103652737540938
RZZ 5 14 -1.5103652737540938
RZZ 6 14 -1.5103652737540938
RZZ 7 14 -1.5103652737540938
RZZ 8 14 -1.5103652737540938
RZZ 9 14 -1.5103652737540938
RZZ 10 14 -1.5103652737540938
RZZ 11 14 -1.5103652737540938
RZZ 12 14 -1.5103652737540938
RZZ 13 14 -1.5103652737540938
RZZ 15 23 0.24156817998150726
RX 15 2.4689046005240467
RZZ 0 15 -1.5103652737540938
RZZ 1 15 -1.5103652737540938
RZZ 2 15 -1.5103652737540938
RZZ 3 15 -1.5103652737540938
RZZ 4 15 -1.5103652737540938
RZZ 5 15 -1.5103652737540938
RZZ 6 15 -1.5103652737540938
RZZ 7 15 -1.5103652737540938
RZZ 8 15 -1.5103652737540938
RZZ 9 15 -1.5103652737540938
RZZ 10 15 -1.5103652737540938
RZZ 11 15 -1.5103652737540938
RZZ 12 15 -1.5103652737540938
RZZ 13 15 -1.5103652737540938
RZZ 14 15 -1.5103652737540938
RZZ 16 23 0.24156817998150726
RX 16 2.4689046005240467
RZZ 0 16 -1.5103652737540938
RZZ 1 16 -1.5103652737540938
RZZ 2 16 -1.5103652737540938
RZZ 3 16 -1.5103652737540938
RZZ 4 16 -1.5103652737540938
RZZ 5 16 -1.5103652737540938
RZZ 6 16 -1.5103652737540938
RZZ 7 16 -1.5103652737540938
RZZ 8 16 -1.5103652737540938
RZZ 9 16 -1.5103652737540938
RZZ 10 16 -1.5103652737540938
RZZ 11 16 -1.5103652737540938
RZZ 12 16 -1.5103652737540938
RZZ 13 16 -1.5103652737540938
RZZ 14 16 -1.5103652737540938
RZZ 15 16 -1.5103652737540938
RZZ 17 23 0.24156817998150726
RX 17 2.4689046005240467
RZZ 0 17 -1.5103652737540938
RZZ 1 17 -1.5103652737540938
RZZ 2 17 -1.5103652737540938
RZZ 3 17 -1.5103652737540938
RZZ 4 17 -1.5103652737540938
RZZ 5 17 -1.5103652737540938
RZZ 6 17 -1.5103652737540938
RZZ 7 17 -1.5103652737540938
RZZ 8 17 -1.5103652737540938
RZZ 9 17 -1.5103652737540938
RZZ 10 17 -1.5103652737540938
RZZ 11 17 -1.5103652737540938
RZZ 12 17 -1.5103652737540938
RZZ 13 17 -1.5103652737540938
RZZ 14 17 -1.5103652737540938
RZZ 15 17 -1.5103652737540938
RZZ 16 17 -1.5103652737540938
RZZ 18 23 0.24156817998150726
RX 18 2.4689046005240467
RZZ 0 18 -1.5103652737540938
RZZ 1 18 -1.5103652737540938
RZZ 2 18 -1.5103652737540938
RZZ 3 18 -1.5103652737540938
RZZ 4 18 -1.5103652737540938
RZZ 5 18 -1.5103652737540938
RZZ 6 18 -1.5103652737540938
RZZ 7 18 -1.5103652737540938
RZZ 8 18 -1.5103652737540938
RZZ 9 18 -1.5103652737540938
RZZ 10 18 -1.5103652737540938
RZZ 11 18 -1.5103652737540938
RZZ 12 18 -1.5103652737540938
RZZ 13 18 -1.5103652737540938
RZZ 14 18 -1.5103652737540938
RZZ 15 18 -1.5103652737540938
RZZ 16 18 -1.5103652737540938
RZZ 17 18 -1.5103652737540938
RZZ 19 23 0.24156817998150726
RX 19 2.4689046005240467
RZZ 0 19 -1.5103652737540938
RZZ 1 19 -1.5103652737540938
RZZ 2 19 -1.5103652737540938
RZZ 3 19 -1.5103652737540938
RZZ 4 19 -1.5103652737540938
RZZ 5 19 -1.5103652737540938
RZZ 6 19 -1.5103652737540938
RZZ 7 19 -1.5103652737540938
RZZ 8 19 -1.5103652737540938
RZZ 9 19 -1.5103652737540938
RZZ 10 19 -1.5103652737540938
RZZ 11 19 -1.5103652737540938
RZZ 12 19 -1.5103652737540938
RZZ 13 19 -1.5103652737540938
RZZ 14 19 -1.5103652737540938
RZZ 15 19 -1.5103652737540938
RZZ 16 19 -1.5103652737540938
RZZ 17 19 -1.5103652737540938
RZZ 18 19 -1.5103652737540938
RZZ 20 23 0.24156817998150726
RX 20 2.4689046005240467
RZZ 0 20 -1.5103652737540938
RZZ 1 20 -1.5103652737540938
RZZ 2 20 -1.5103652737540938
RZZ 3 20 -1.5103652737540938
RZZ 4 20 -1.5103652737540938
RZZ 5 20 -1.5103652737540938
RZZ 6 20 -1.5103652737540938
RZZ 7 20 -1.5103652737540938
RZZ 8 20 -1.5103652737540938
RZZ 9 20 -1.5103652737540938
RZZ 10 20 -1.5103652737540938
RZZ 11 20 -1.5103652737540938
RZZ 12 20 -1.5103652737540938
RZZ 13 20 -1.5103652737540938
RZZ 14 20 -1.5103652737540938
RZZ 15 20 -1.5103652737540938
RZZ 16 20 -1.5103652737540938
RZZ 17 20 -1.5103652737540938
RZZ 18 20 -1.5103652737540938
RZZ 19 20 -1.5103652737540938
RZZ 21 23 0.24156817998150726
RX 21 2.4689046005240467
RZZ 0 21 -1.5103652737540938
RZZ 1 21 -1.5103652737540938
RZZ 2 21 -1.5103652737540938
RZZ 3 21 -1.5103652737540938
RZZ 4 21 -1.5103652737540938
RZZ 5 21 -1.5103652737540938
RZZ 6 21 -1.5103652737540938
RZZ 7 21 -1.5103652737540938
RZZ 8 21 -1.5103652737540938
RZZ 9 21 -1.5103652737540938
RZZ 10 21 -1.5103652737540938
RZZ 11 21 -1.5103652737540938
RZZ 12 21 -1.5103652737540938
RZZ 13 21 -1.5103652737540938
RZZ 14 21 -1.5103652737540938
RZZ 15 21 -1.5103652737540938
RZZ 16 21 -1.5103652737540938
RZZ 17 21 -1.5103652737540938
RZZ 18 21 -1.5103652737540938
RZZ 19 21 -1.5103652737540938
RZZ 20 21 -1.5103652737540938
RZZ 22 23 0.24156817998150726
RX 22 2.4689046005240467
RZZ 0 22 -1.5103652737540938
RZZ 1 22 -1.5103652737540938
RZZ 2 22 -1.5103652737540938
RZZ 3 22 -1.5103652737540938
RZZ 4 22 -1.5103652737540938
RZZ 5 22 -1.5103652737540938
RZZ 6 22 -1.5103652737540938
RZZ 7 22 -1.5103652737540938
RZZ 8 22 -1.5103652737540938
RZZ 9 22 -1.5103652737540938
RZZ 10 22 -1.5103652737540938
RZZ 11 22 -1.5103652737540938
RZZ 12 22 -1.5103652737540938
RZZ 13 22 -1.5103652737540938
RZZ 14 22 -1.5103652737540938
RZZ 15 22 -1.5103652737540938
RZZ 16 22 -1.5103652737540938
RZZ 17 22 -1.5103652737540938
RZZ 18 22 -1.5103652737540938
RZZ 19 22 -1.5103652737540938
RZZ 20 22 -1.5103652737540938
RZZ 21 22 -1.5103652737540938
RX 23 2.4689046005240467
RZZ 0 23 -1.5103652737540938
RX 0 -2.6874523768468612
RZZ 1 23 -1.5103652737540938
RX 1 -2.6874523768468612
RZZ 0 1 -0.5806597489031287
RZZ 2 23 -1.5103652737540938
RX 2 -2.6874523768468612
RZZ 0 2 -0.5806597489031287
RZZ 1 2 -0.5806597489031287
RZZ 3 23 -1.5103652737540938
RX 3 -2.6874523768468612
RZZ 0 3 -0.5806597489031287
RZZ 1 3 -0.5806597489031287
RZZ 2 3 -0.5806597489031287
RZZ 4 23 -1.5103652737540938
RX 4 -2.6874523768468612
RZZ 0 4 -0.5806597489031287
RZZ 1 4 -0.5806597489031287
RZZ 2 4 -0.5806597489031287
RZZ 3 4 -0.5806597489031287
RZZ 5 23 -1.5103652737540938
RX 5 -2.6874523768468612
RZZ 0 5 -0.5806597489031287
RZZ 1 5 -0.5806597489031287
RZZ 2 5 -0.5806597489031287
RZZ 3 5 -0.5806597489031287
RZZ 4 5 -0.5806597489031287
RZZ 6 23 -1.5103652737540938
RX 6 -2.6874523768468612
RZZ 0 6 -0.5806597489031287
RZZ 1 6 -0.5806597489031287
RZZ 2 6 -0.5806597489031287
RZZ 3 6 -0.5806597489031287
RZZ 4 6 -0.5806597489031287
RZZ 5 6 -0.5806597489031287
RZZ 7 23 -1.5103652737540938
RX 7 -2.6874523768468612
RZZ 0 7 -0.5806597489031287
RZZ 1 7 -0.5806597489031287
RZZ 2 7 -0.5806597489031287
RZZ 3 7 -0.5806597489031287
RZZ 4 7 -0.5806597489031287
RZZ 5 7 -0.5806597489031287
RZZ 6 7 -0.5806597489031287
RZZ 8 23 -1.5103652737540938
RX 8 -2.6874523768468612
RZZ 0 8 -0.5806597489031287
RZZ 1 8 -0.5806597489031287
RZZ 2 8 -0.5806597489031287
RZZ 3 8 -0.5806597489031287
RZZ 4 8 -0.5806597489031287
RZZ 5 8 -0.5806597489031287
RZZ 6 8 -0.5806597489031287
RZZ 7 8 -0.5806597489031287
RZZ 9 23 -1.5103652737540938
RX 9 -2.6874523768468612
RZZ 0 9 -0.5806597489031287
RZZ 1 9 -0.5806597489031287
RZZ 2 9 -0.5806597489031287
RZZ 3 9 -0.5806597489031287
RZZ 4 9 -0.5806597489031287
RZZ 5 9 -0.5806597489031287
RZZ 6 9 -0.5806597489031287
RZZ 7 9 -0.5806597489031287
RZZ 8 9 -0.5806597489031287
RZZ 10 23 -1.5103652737540938
RX 10 -2.6874523768468612
RZZ 0 10 -0.5806597489031287
RZZ 1 10 -0.5806597489031287
RZZ 2 10 -0.5806597489031287
RZZ 3 10 -0.5806597489031287
RZZ 4 10 -0.5806597489031287
RZZ 5 10 -0.5806597489031287
RZZ 6 10 -0.5806597489031287
RZZ 7 10 -0.5806597489031287
RZZ 8 10 -0.5806597489031287
RZZ 9 10 -0.5806597489031287
RZZ 11 23 -1.5103652737540938
RX 11 -2.6874523768468612
RZZ 0 11 -0.5806597489031287
RZZ 1 11 -0.5806597489031287
RZZ 2 11 -0.5806597489031287
RZZ 3 11 -0.5806597489031287
RZZ 4 11 -0.5806597489031287
RZZ 5 11 -0.5806597489031287
RZZ 6 11 -0.5806597489031287
RZZ 7 11 -0.5806597489031287
RZZ 8 11 -0.5806597489031287
RZZ 9 11 -0.5806597489031287
RZZ 10 11 -0.5806597489031287
RZZ 12 23 -1.5103652737540938
RX 12 -2.6874523768468612
RZZ 0 12 -0.5806597489031287
RZZ 1 12 -0.5806597489031287
RZZ 2 12 -0.5806597489031287
RZZ 3 12 -0.5806597489031287
RZZ 4 12 -0.5806597489031287
RZZ 5 12 -0.5806597489031287
RZZ 6 12 -0.5806597489031287
RZZ 7 12 -0.5806597489031287
RZZ 8 12 -0.5806597489031287
RZZ 9 12 -0.5806597489031287
RZZ 10 12 -0.5806597489031287
RZZ 11 12 -0.5806597489031287
RZZ 13 23 -1.5103652737540938
RX 13 -2.6874523768468612
RZZ 0 13 -0.5806597489031287
RZZ 1 13 -0.5806597489031287
RZZ 2 13 -0.5806597489031287
RZZ 3 13 -0.5806597489031287
RZZ 4 13 -0.5806597489031287
RZZ 5 13 -0.5806597489031287
RZZ 6 13 -0.5806597489031287
RZZ 7 13 -0.5806597489031287
RZZ 8 13 -0.5806597489031287
RZZ 9 13 -0.5806597489031287
RZZ 10 13 -0.5806597489031287
RZZ 11 13 -0.5806597489031287
RZZ 12 13 -0.5806597489031287
RZZ 14 23 -1.5103652737540938
RX 14 -2.6874523768468612
RZZ 0 14 -0.5806597489031287
RZZ 1 14 -0.5806597489031287
RZZ 2 14 -0.5806597489031287
RZZ 3 14 -0.5806597489031287
RZZ 4 14 -0.5806597489031287
RZZ 5 14 -0.5806597489031287
RZZ 6 14 -0.5806597489031287
RZZ 7 14 -0.5806597489031287
RZZ 8 14 -0.5806597489031287
RZZ 9 14 -0.5806597489031287
RZZ 10 14 -0.5806597489031287
RZZ 11 14 -0.5806597489031287
RZZ 12 14 -0.5806597489031287
RZZ 13 14 -0.5806597489031287
RZZ 15 23 -1.5103652737540938
RX 15 -2.6874523768468612
RZZ 0 15 -0.5806597489031287
RZZ 1 15 -0.5806597489031287
RZZ 2 15 -0.5806597489031287
RZZ 3 15 -0.5806597489031287
RZZ 4 15 -0.5806597489031287
RZZ 5 15 -0.5806597489031287
RZZ 6 15 -0.5806597489031287
RZZ 7 15 -0.5806597489031287
RZZ 8 15 -0.5806597489031287
RZZ 9 15 -0.5806597489031287
RZZ 10 15 -0.5806597489031287
RZZ 11 15 -0.5806597489031287
RZZ 12 15 -0.5806597489031287
RZZ 13 15 -0.5806597489031287
RZZ 14 15 -0.5806597489031287
RZZ 16 23 -1.5103652737540938
RX 16 -2.6874523768468612
RZZ 0 16 -0.5806597489031287
RZZ 1 16 -0.5806597489031287
RZZ 2 16 -0.5806597489031287
RZZ 3 16 -0.5806597489031287
RZZ 4 16 -0.5806597489031287
RZZ 5 16 -0.5806597489031287
RZZ 6 16 -0.5806597489031287
RZZ 7 16 -0.5806597489031287
RZZ 8 16 -0.5806597489031287
RZZ 9 16 -0.5806597489031287
RZZ 10 16 -0.5806597489031287
RZZ 11 16 -0.5806597489031287
RZZ 12 16 -0.5806597489031287
RZZ 13 16 -0.5806597489031287
RZZ 14 16 -0.5806597489031287
RZZ 15 16 -0.5806597489031287
RZZ 17 23 -1.5103652737540938
RX 17 -2.6874523768468612
RZZ 0 17 -0.5806597489031287
RZZ 1 17 -0.5806597489031287
RZZ 2 17 -0.5806597489031287
RZZ 3 17 -0.5806597489031287
RZZ 4 17 -0.5806597489031287
RZZ 5 17 -0.5806597489031287
RZZ 6 17 -0.5806597489031287
RZZ 7 17 -0.5806597489031287
RZZ 8 17 -0.5806597489031287
RZZ 9 17 -0.5806597489031287
RZZ 10 17 -0.5806597489031287
RZZ 11 17 -0.5806597489031287
RZZ 12 17 -0.5806597489031287
RZZ 13 17 -0.5806597489031287
RZZ 14 17 -0.5806597489031287
RZZ 15 17 -0.5806597489031287
RZZ 16 17 -0.5806597489031287
RZZ 18 23 -1.5103652737540938
RX 18 -2.6874523768468612
RZZ 0 18 -0.5806597489031287
RZZ 1 18 -0.5806597489031287
RZZ 2 18 -0.5806597489031287
RZZ 3 18 -0.5806597489031287
RZZ 4 18 -0.5806597489031287
RZZ 5 18 -0.5806597489031287
RZZ 6 18 -0.5806597489031287
RZZ 7 18 -0.5806597489031287
RZZ 8 18 -0.5806597489031287
RZZ 9 18 -0.5806597489031287
RZZ 10 18 -0.5806597489031287
RZZ 11 18 -0.5806597489031287
RZZ 12 18 -0.5806597489031287
RZZ 13 18 -0.5806597489031287
RZZ 14 18 -0.5806597489031287
RZZ 15 18 -0.5806597489031287
RZZ 16 18 -0.5806597489031287
RZZ 17 18 -0.5806597489031287
RZZ 19 23 -1.5103652737540938
RX 19 -2.6874523768468612
RZZ 0 19 -0.5806597489031287
RZZ 1 19 -0.5806597489031287
RZZ 2 19 -0.5806597489031287
RZZ 3 19 -0.5806597489031287
RZZ 4 19 -0.5806597489031287
RZZ 5 19 -0.5806597489031287
RZZ 6 19 -0.5806597489031287
RZZ 7 19 -0.5806597489031287
RZZ 8 19 -0.5806597489031287
RZZ 9 19 -0.5806597489031287
RZZ 10 19 -0.5806597489031287
RZZ 11 19 -0.5806597489031287
RZZ 12 19 -0.5806597489031287
RZZ 13 19 -0.5806597489031287
RZZ 14 19 -0.5806597489031287
RZZ 15 19 -0.5806597489031287
RZZ 16 19 -0.5806597489031287
RZZ 17 19 -0.5806597489031287
RZZ 18 19 -0.5806597489031287
RZZ 20 23 -1.5103652737540938
RX 20 -2.6874523768468612
RZZ 0 20 -0.5806597489031287
RZZ 1 20 -0.5806597489031287
RZZ 2 20 -0.5806597489031287
RZZ 3 20 -0.5806597489031287
RZZ 4 20 -0.5806597489031287
RZZ 5 20 -0.5806597489031287
RZZ 6 20 -0.5806597489031287
RZZ 7 20 -0.5806597489031287
RZZ 8 20 -0.5806597489031287
RZZ 9 20 -0.5806597489031287
RZZ 10 20 -0.5806597489031287
RZZ 11 20 -0.5806597489031287
RZZ 12 20 -0.5806597489031287
RZZ 13 20 -0.5806597489031287
RZZ 14 20 -0.5806597489031287
RZZ 15 20 -0.5806597489031287
RZZ 16 20 -0.5806597489031287
RZZ 17 20 -0.5806597489031287
RZZ 18 20 -0.5806597489031287
RZZ 19 20 -0.5806597489031287
RZZ 21 23 -1.5103652737540938
RX 21 -2.6874523768468612
RZZ 0 21 -0.5806597489031287
RZZ 1 21 -0.5806597489031287
RZZ 2 21 -0.5806597489031287
RZZ 3 21 -0.5806597489031287
RZZ 4 21 -0.5806597489031287
RZZ 5 21 -0.5806597489031287
RZZ 6 21 -0.5806597489031287
RZZ 7 21 -0.5806597489031287
RZZ 8 21 -0.5806597489031287
RZZ 9 21 -0.5806597489031287
RZZ 10 21 -0.5806597489031287
RZZ 11 21 -0.5806597489031287
RZZ 12 21 -0.5806597489031287
RZZ 13 21 -0.5806597489031287
RZZ 14 21 -0.5806597489031287
RZZ 15 21 -0.5806597489031287
RZZ 16 21 -0.5806597489031287
RZZ 17 21 -0.5806597489031287
RZZ 18 21 -0.5806597489031287
RZZ 19 21 -0.5806597489031287
RZZ 20 21 -0.5806597489031287
RZZ 22 23 -1.5103652737540938
RX 22 -2.6874523768468612
RZZ 0 22 -0.5806597489031287
RZZ 1 22 -0.5806597489031287
RZZ 2 22 -0.5806597489031287
RZZ 3 22 -0.5806597489031287
RZZ 4 22 -0.5806597489031287
RZZ 5 22 -0.5806597489031287
RZZ 6 22 -0.5806597489031287
RZZ 7 22 -0.5806597489031287
RZZ 8 22 -0.5806597489031287
RZZ 9 22 -0.5806597489031287
RZZ 10 22 -0.5806597489031287
RZZ 11 22 -0.5806597489031287
RZZ 12 22 -0.5806597489031287
RZZ 13 22 -0.5806597489031287
RZZ 14 22 -0.5806597489031287
RZZ 15 22 -0.5806597489031287
RZZ 16 22 -0.5806597489031287
RZZ 17 22 -0.5806597489031287
RZZ 18 22 -0.5806597489031287
RZZ 19 22 -0.5806597489031287
RZZ 20 22 -0.5806597489031287
RZZ 21 22 -0.5806597489031287
RX 23 -2.6874523768468612
RZZ 0 23 -0.5806597489031287
RX 0 -3.43248586728572
RZZ 1 23 -0.5806597489031287
RX 1 -3.43248586728572
RZZ 0 1 0.0599041982146582
RZZ 2 23 -0.5806597489031287
RX 2 -3.43248586728572
RZZ 0 2 0.0599041982146582
RZZ 1 2 0.0599041982146582
RZZ 3 23 -0.5806597489031287
RX 3 -3.43248586728572
RZZ 0 3 0.0599041982146582
RZZ 1 3 0.0599041982146582
RZZ 2 3 0.0599041982146582
RZZ 4 23 -0.5806597489031287
RX 4 -3.43248586728572
RZZ 0 4 0.0599041982146582
RZZ 1 4 0.0599041982146582
RZZ 2 4 0.0599041982146582
RZZ 3 4 0.0599041982146582
RZZ 5 23 -0.5806597489031287
RX 5 -3.43248586728572
RZZ 0 5 0.0599041982146582
RZZ 1 5 0.0599041982146582
RZZ 2 5 0.0599041982146582
RZZ 3 5 0.0599041982146582
RZZ 4 5 0.0599041982146582
RZZ 6 23 -0.5806597489031287
RX 6 -3.43248586728572
RZZ 0 6 0.0599041982146582
RZZ 1 6 0.0599041982146582
RZZ 2 6 0.0599041982146582
RZZ 3 6 0.0599041982146582
RZZ 4 6 0.0599041982146582
RZZ 5 6 0.0599041982146582
RZZ 7 23 -0.5806597489031287
RX 7 -3.43248586728572
RZZ 0 7 0.0599041982146582
RZZ 1 7 0.0599041982146582
RZZ 2 7 0.0599041982146582
RZZ 3 7 0.0599041982146582
RZZ 4 7 0.0599041982146582
RZZ 5 7 0.0599041982146582
RZZ 6 7 0.0599041982146582
RZZ 8 23 -0.5806597489031287
RX 8 -3.43248586728572
RZZ 0 8 0.0599041982146582
RZZ 1 8 0.0599041982146582
RZZ 2 8 0.0599041982146582
RZZ 3 8 0.0599041982146582
RZZ 4 8 0.0599041982146582
RZZ 5 8 0.0599041982146582
RZZ 6 8 0.0599041982146582
RZZ 7 8 0.0599041982146582
RZZ 9 23 -0.5806597489031287
RX 9 -3.43248586728572
RZZ 0 9 0.0599041982146582
RZZ 1 9 0.0599041982146582
RZZ 2 9 0.0599041982146582
RZZ 3 9 0.0599041982146582
RZZ 4 9 0.0599041982146582
RZZ 5 9 0.0599041982146582
RZZ 6 9 0.0599041982146582
RZZ 7 9 0.0599041982146582
RZZ 8 9 0.0599041982146582
RZZ 10 23 -0.5806597489031287
RX 10 -3.43248586728572
RZZ 0 10 0.0599041982146582
RZZ 1 10 0.0599041982146582
RZZ 2 10 0.0599041982146582
RZZ 3 10 0.0599041982146582
RZZ 4 10 0.0599041982146582
RZZ 5 10 0.0599041982146582
RZZ 6 10 0.0599041982146582
RZZ 7 10 0.0599041982146582
RZZ 8 10 0.0599041982146582
RZZ 9 10 0.0599041982146582
RZZ 11 23 -0.5806597489031287
RX 11 -3.43248586728572
RZZ 0 11 0.0599041982146582
RZZ 1 11 0.0599041982146582
RZZ 2 11 0.0599041982146582
RZZ 3 11 0.0599041982146582
RZZ 4 11 0.0599041982146582
RZZ 5 11 0.0599041982146582
RZZ 6 11 0.0599041982146582
RZZ 7 11 0.0599041982146582
RZZ 8 11 0.0599041982146582
RZZ 9 11 0.0599041982146582
RZZ 10 11 0.0599041982146582
RZZ 12 23 -0.5806597489031287
RX 12 -3.43248586728572
RZZ 0 12 0.0599041982146582
RZZ 1 12 0.0599041982146582
RZZ 2 12 0.0599041982146582
RZZ 3 12 0.0599041982146582
RZZ 4 12 0.0599041982146582
RZZ 5 12 0.0599041982146582
RZZ 6 12 0.0599041982146582
RZZ 7 12 0.0599041982146582
RZZ 8 12 0.0599041982146582
RZZ 9 12 0.0599041982146582
RZZ 10 12 0.0599041982146582
RZZ 11 12 0.0599041982146582
RZZ 13 23 -0.5806597489031287
RX 13 -3.43248586728572
RZZ 0 13 0.0599041982146582
RZZ 1 13 0.0599041982146582
RZZ 2 13 0.0599041982146582
RZZ 3 13 0.0599041982146582
RZZ 4 13 0.0599041982146582
RZZ 5 13 0.0599041982146582
RZZ 6 13 0.0599041982146582
RZZ 7 13 0.0599041982146582
RZZ 8 13 0.0599041982146582
RZZ 9 13 0.0599041982146582
RZZ 10 13 0.0599041982146582
RZZ 11 13 0.0599041982146582
RZZ 12 13 0.0599041982146582
RZZ 14 23 -0.5806597489031287
RX 14 -3.43248586728572
RZZ 0 14 0.0599041982146582
RZZ 1 14 0.0599041982146582
RZZ 2 14 0.0599041982146582
RZZ 3 14 0.0599041982146582
RZZ 4 14 0.0599041982146582
RZZ 5 14 0.0599041982146582
RZZ 6 14 0.0599041982146582
RZZ 7 14 0.0599041982146582
RZZ 8 14 0.0599041982146582
RZZ 9 14 0.0599041982146582
RZZ 10 14 0.0599041982146582
RZZ 11 14 0.0599041982146582
RZZ 12 14 0.0599041982146582
RZZ 13 14 0.0599041982146582
RZZ 15 23 -0.5806597489031287
RX 15 -3.43248586728572
RZZ 0 15 0.0599041982146582
RZZ 1 15 0.0599041982146582
RZZ 2 15 0.0599041982146582
RZZ 3 15 0.0599041982146582
RZZ 4 15 0.0599041982146582
RZZ 5 15 0.0599041982146582
RZZ 6 15 0.0599041982146582
RZZ 7 15 0.0599041982146582
RZZ 8 15 0.0599041982146582
RZZ 9 15 0.0599041982146582
RZZ 10 15 0.0599041982146582
RZZ 11 15 0.0599041982146582
RZZ 12 15 0.0599041982146582
RZZ 13 15 0.0599041982146582
RZZ 14 15 0.0599041982146582
RZZ 16 23 -0.5806597489031287
RX 16 -3.43248586728572
RZZ 0 16 0.0599041982146582
RZZ 1 16 0.0599041982146582
RZZ 2 16 0.0599041982146582
RZZ 3 16 0.0599041982146582
RZZ 4 16 0.0599041982146582
RZZ 5 16 0.0599041982146582
RZZ 6 16 0.0599041982146582
RZZ 7 16 0.0599041982146582
RZZ 8 16 0.0599041982146582
RZZ 9 16 0.0599041982146582
RZZ 10 16 0.0599041982146582
RZZ 11 16 0.0599041982146582
RZZ 12 16 0.0599041982146582
RZZ 13 16 0.0599041982146582
RZZ 14 16 0.0599041982146582
RZZ 15 16 0.0599041982146582
RZZ 17 23 -0.5806597489031287
RX 17 -3.43248586728572
RZZ 0 17 0.0599041982146582
RZZ 1 17 0.0599041982146582
RZZ 2 17 0.0599041982146582
RZZ 3 17 0.0599041982146582
RZZ 4 17 0.0599041982146582
RZZ 5 17 0.0599041982146582
RZZ 6 17 0.0599041982146582
RZZ 7 17 0.0599041982146582
RZZ 8 17 0.0599041982146582
RZZ 9 17 0.0599041982146582
RZZ 10 17 0.0599041982146582
RZZ 11 17 0.0599041982146582
RZZ 12 17 0.0599041982146582
RZZ 13 17 0.0599041982146582
RZZ 14 17 0.0599041982146582
RZZ 15 17 0.0599041982146582
RZZ 16 17 0.0599041982146582
RZZ 18 23 -0.5806597489031287
RX 18 -3.43248586728572
RZZ 0 18 0.0599041982146582
RZZ 1 18 0.0599041982146582
RZZ 2 18 0.0599041982146582
RZZ 3 18 0.0599041982146582
RZZ 4 18 0.0599041982146582
RZZ 5 18 0.0599041982146582
RZZ 6 18 0.0599041982146582
RZZ 7 18 0.0599041982146582
RZZ 8 18 0.0599041982146582
RZZ 9 18 0.0599041982146582
RZZ 10 18 0.0599041982146582
RZZ 11 18 0.0599041982146582
RZZ 12 18 0.0599041982146582
RZZ 13 18 0.0599041982146582
RZZ 14 18 0.0599041982146582
RZZ 15 18 0.0599041982146582
RZZ 16 18 0.0599041982146582
RZZ 17 18 0.0599041982146582
RZZ 19 23 -0.5806597489031287
RX 19 -3.43248586728572
RZZ 0 19 0.0599041982146582
RZZ 1 19 0.0599041982146582
RZZ 2 19 0.0599041982146582
RZZ 3 19 0.0599041982146582
RZZ 4 19 0.0599041982146582
RZZ 5 19 0.0599041982146582
RZZ 6 19 0.0599041982146582
RZZ 7 19 0.0599041982146582
RZZ 8 19 0.0599041982146582
RZZ 9 19 0.0599041982146582
RZZ 10 19 0.0599041982146582
RZZ 11 19 0.0599041982146582
RZZ 12 19 0.0599041982146582
RZZ 13 19 0.0599041982146582
RZZ 14 19 0.0599041982146582
RZZ 15 19 0.0599041982146582
RZZ 16 19 0.0599041982146582
RZZ 17 19 0.0599041982146582
RZZ 18 19 0.0599041982146582
RZZ 20 23 -0.5806597489031287
RX 20 -3.43248586728572
RZZ 0 20 0.0599041982146582
RZZ 1 20 0.0599041982146582
RZZ 2 20 0.0599041982146582
RZZ 3 20 0.0599041982146582
RZZ 4 20 0.0599041982146582
RZZ 5 20 0.0599041982146582
RZZ 6 20 0.0599041982146582
RZZ 7 20 0.0599041982146582
RZZ 8 20 0.0599041982146582
RZZ 9 20 0.0599041982146582
RZZ 10 20 0.0599041982146582
RZZ 11 20 0.0599041982146582
RZZ 12 20 0.0599041982146582
RZZ 13 20 0.0599041982146582
RZZ 14 20 0.0599041982146582
RZZ 15 20 0.0599041982146582
RZZ 16 20 0.0599041982146582
RZZ 17 20 0.0599041982146582
RZZ 18 20 0.0599041982146582
RZZ 19 20 0.0599041982146582
RZZ 21 23 -0.5806597489031287
RX 21 -3.43248586728572
RZZ 0 21 0.0599041982146582
RZZ 1 21 0.0599041982146582
RZZ 2 21 0.0599041982146582
RZZ 3 21 0.0599041982146582
RZZ 4 21 0.0599041982146582
RZZ 5 21 0.0599041982146582
RZZ 6 21 0.0599041982146582
RZZ 7 21 0.0599041982146582
RZZ 8 21 0.0599041982146582
RZZ 9 21 0.0599041982146582
RZZ 10 21 0.0599041982146582
RZZ 11 21 0.0599041982146582
RZZ 12 21 0.0599041982146582
RZZ 13 21 0.0599041982146582
RZZ 14 21 0.0599041982146582
RZZ 15 21 0.0599041982146582
RZZ 16 21 0.0599041982146582
RZZ 17 21 0.0599041982146582
RZZ 18 21 0.0599041982146582
RZZ 19 21 0.0599041982146582
RZZ 20 21 0.0599041982146582
RZZ 22 23 -0.5806597489031287
RX 22 -3.43248586728572
RZZ 0 22 0.0599041982146582
RZZ 1 22 0.0599041982146582
RZZ 2 22 0.0599041982146582
RZZ 3 22 0.0599041982146582
RZZ 4 22 0.0599041982146582
RZZ 5 22 0.0599041982146582
RZZ 6 22 0.0599041982146582
RZZ 7 22 0.0599041982146582
RZZ 8 22 0.0599041982146582
RZZ 9 22 0.0599041982146582
RZZ 10 22 0.0599041982146582
RZZ 11 22 0.0599041982146582
RZZ 12 22 0.0599041982146582
RZZ 13 22 0.0599041982146582
RZZ 14 22 0.0599041982146582
RZZ 15 22 0.0599041982146582
RZZ 16 22 0.0599041982146582
RZZ 17 22 0.0599041982146582
RZZ 18 22 0.0599041982146582
RZZ 19 22 0.0599041982146582
RZZ 20 22 0.0599041982146582
RZZ 21 22 0.0599041982146582
RX 23 -3.43248586728572
RZZ 0 23 0.0599041982146582
RX 0 0.644840406285871
RZZ 1 23 0.0599041982146582
RX 1 0.644840406285871
RZZ 0 1 0.33892281229229115
RZZ 2 23 0.0599041982146582
RX 2 0.644840406285871
RZZ 0 2 0.33892281229229115
RZZ 1 2 0.33892281229229115
RZZ 3 23 0.0599041982146582
RX 3 0.644840406285871
RZZ 0 3 0.33892281229229115
RZZ 1 3 0.33892281229229115
RZZ 2 3 0.33892281229229115
RZZ 4 23 0.0599041982146582
RX 4 0.644840406285871
RZZ 0 4 0.33892281229229115
RZZ 1 4 0.33892281229229115
RZZ 2 4 0.33892281229229115
RZZ 3 4 0.33892281229229115
RZZ 5 23 0.0599041982146582
RX 5 0.644840406285871
RZZ 0 5 0.33892281229229115
RZZ 1 5 0.33892281229229115
RZZ 2 5 0.33892281229229115
RZZ 3 5 0.33892281229229115
RZZ 4 5 0.33892281229229115
RZZ 6 23 0.0599041982146582
RX 6 0.644840406285871
RZZ 0 6 0.33892281229229115
RZZ 1 6 0.33892281229229115
RZZ 2 6 0.33892281229229115
RZZ 3 6 0.33892281229229115
RZZ 4 6 0.33892281229229115
RZZ 5 6 0.33892281229229115
RZZ 7 23 0.0599041982146582
RX 7 0.644840406285871
RZZ 0 7 0.33892281229229115
RZZ 1 7 0.33892281229229115
RZZ 2 7 0.33892281229229115
RZZ 3 7 0.33892281229229115
RZZ 4 7 0.33892281229229115
RZZ 5 7 0.33892281229229115
RZZ 6 7 0.33892281229229115
RZZ 8 23 0.0599041982146582
RX 8 0.644840406285871
RZZ 0 8 0.33892281229229115
RZZ 1 8 0.33892281229229115
RZZ 2 8 0.33892281229229115
RZZ 3 8 0.33892281229229115
RZZ 4 8 0.33892281229229115
RZZ 5 8 0.33892281229229115
RZZ 6 8 0.33892281229229115
RZZ 7 8 0.33892281229229115
RZZ 9 23 0.0599041982146582
RX 9 0.644840406285871
RZZ 0 9 0.33892281229229115
RZZ 1 9 0.33892281229229115
RZZ 2 9 0.33892281229229115
RZZ 3 9 0.33892281229229115
RZZ 4 9 0.33892281229229115
RZZ 5 9 0.33892281229229115
RZZ 6 9 0.33892281229229115
RZZ 7 9 0.33892281229229115
RZZ 8 9 0.33892281229229115
RZZ 10 23 0.0599041982146582
RX 10 0.644840406285871
RZZ 0 10 0.33892281229229115
RZZ 1 10 0.33892281229229115
RZZ 2 10 0.33892281229229115
RZZ 3 10 0.33892281229229115
RZZ 4 10 0.33892281229229115
RZZ 5 10 0.33892281229229115
RZZ 6 10 0.33892281229229115
RZZ 7 10 0.33892281229229115
RZZ 8 10 0.33892281229229115
RZZ 9 10 0.33892281229229115
RZZ 11 23 0.0599041982146582
RX 11 0.644840406285871
RZZ 0 11 0.33892281229229115
RZZ 1 11 0.33892281229229115
RZZ 2 11 0.33892281229229115
RZZ 3 11 0.33892281229229115
RZZ 4 11 0.33892281229229115
RZZ 5 11 0.33892281229229115
RZZ 6 11 0.33892281229229115
RZZ 7 11 0.33892281229229115
RZZ 8 11 0.33892281229229115
RZZ 9 11 0.33892281229229115
RZZ 10 11 0.33892281229229115
RZZ 12 23 0.0599041982146582
RX 12 0.644840406285871
RZZ 0 12 0.33892281229229115
RZZ 1 12 0.33892281229229115
RZZ 2 12 0.33892281229229115
RZZ 3 12 0.33892281229229115
RZZ 4 12 0.33892281229229115
RZZ 5 12 0.33892281229229115
RZZ 6 12 0.33892281229229115
RZZ 7 12 0.33892281229229115
RZZ 8 12 0.33892281229229115
RZZ 9 12 0.33892281229229115
RZZ 10 12 0.33892281229229115
RZZ 11 12 0.33892281229229115
RZZ 13 23 0.0599041982146582
RX 13 0.644840406285871
RZZ 0 13 0.33892281229229115
RZZ 1 13 0.33892281229229115
RZZ 2 13 0.33892281229229115
RZZ 3 13 0.33892281229229115
RZZ 4 13 0.33892281229229115
RZZ 5 13 0.33892281229229115
RZZ 6 13 0.33892281229229115
RZZ 7 13 0.33892281229229115
RZZ 8 13 0.33892281229229115
RZZ 9 13 0.33892281229229115
RZZ 10 13 0.33892281229229115
RZZ 11 13 0.33892281229229115
RZZ 12 13 0.33892281229229115
RZZ 14 23 0.0599041982146582
RX 14 0.644840406285871
RZZ 0 14 0.33892281229229115
RZZ 1 14 0.33892281229229115
RZZ 2 14 0.33892281229229115
RZZ 3 14 0.33892281229229115
RZZ 4 14 0.33892281229229115
RZZ 5 14 0.33892281229229115
RZZ 6 14 0.33892281229229115
RZZ 7 14 0.33892281229229115
RZZ 8 14 0.33892281229229115
RZZ 9 14 0.33892281229229115
RZZ 10 14 0.33892281229229115
RZZ 11 14 0.33892281229229115
RZZ 12 14 0.33892281229229115
RZZ 13 14 0.33892281229229115
RZZ 15 23 0.0599041982146582
RX 15 0.644840406285871
RZZ 0 15 0.33892281229229115
RZZ 1 15 0.33892281229229115
RZZ 2 15 0.33892281229229115
RZZ 3 15 0.33892281229229115
RZZ 4 15 0.33892281229229115
RZZ 5 15 0.33892281229229115
RZZ 6 15 0.33892281229229115
RZZ 7 15 0.33892281229229115
RZZ 8 15 0.33892281229229115
RZZ 9 15 0.33892281229229115
RZZ 10 15 0.33892281229229115
RZZ 11 15 0.33892281229229115
RZZ 12 15 0.33892281229229115
RZZ 13 15 0.33892281229229115
RZZ 14 15 0.33892281229229115
RZZ 16 23 0.0599041982146582
RX 16 0.644840406285871
RZZ 0 16 0.33892281229229115
RZZ 1 16 0.33892281229229115
RZZ 2 16 0.33892281229229115
RZZ 3 16 0.33892281229229115
RZZ 4 16 0.33892281229229115
RZZ 5 16 0.33892281229229115
RZZ 6 16 0.33892281229229115
RZZ 7 16 0.33892281229229115
RZZ 8 16 0.33892281229229115
RZZ 9 16 0.33892281229229115
RZZ 10 16 0.33892281229229115
RZZ 11 16 0.33892281229229115
RZZ 12 16 0.33892281229229115
RZZ 13 16 0.33892281229229115
RZZ 14 16 0.33892281229229115
RZZ 15 16 0.33892281229229115
RZZ 17 23 0.0599041982146582
RX 17 0.644840406285871
RZZ 0 17 0.33892281229229115
RZZ 1 17 0.33892281229229115
RZZ 2 17 0.33892281229229115
RZZ 3 17 0.33892281229229115
RZZ 4 17 0.33892281229229115
RZZ 5 17 0.33892281229229115
RZZ 6 17 0.33892281229229115
RZZ 7 17 0.33892281229229115
RZZ 8 17 0.33892281229229115
RZZ 9 17 0.33892281229229115
RZZ 10 17 0.33892281229229115
RZZ 11 17 0.33892281229229115
RZZ 12 17 0.33892281229229115
RZZ 13 17 0.33892281229229115
RZZ 14 17 0.33892281229229115
RZZ 15 17 0.33892281229229115
RZZ 16 17 0.33892281229229115
RZZ 18 23 0.0599041982146582
RX 18 0.644840406285871
RZZ 0 18 0.33892281229229115
RZZ 1 18 0.33892281229229115
RZZ 2 18 0.33892281229229115
RZZ 3 18 0.33892281229229115
RZZ 4 18 0.33892281229229115
RZZ 5 18 0.33892281229229115
RZZ 6 18 0.33892281229229115
RZZ 7 18 0.33892281229229115
RZZ 8 18 0.33892281229229115
RZZ 9 18 0.33892281229229115
RZZ 10 18 0.33892281229229115
RZZ 11 18 0.33892281229229115
RZZ 12 18 0.33892281229229115
RZZ 13 18 0.33892281229229115
RZZ 14 18 0.33892281229229115
RZZ 15 18 0.33892281229229115
RZZ 16 18 0.33892281229229115
RZZ 17 18 0.33892281229229115
RZZ 19 23 0.0599041982146582
RX 19 0.644840406285871
RZZ 0 19 0.33892281229229115
RZZ 1 19 0.33892281229229115
RZZ 2 19 0.33892281229229115
RZZ 3 19 0.33892281229229115
RZZ 4 19 0.33892281229229115
RZZ 5 19 0.33892281229229115
RZZ 6 19 0.33892281229229115
RZZ 7 19 0.33892281229229115
RZZ 8 19 0.33892281229229115
RZZ 9 19 0.33892281229229115
RZZ 10 19 0.33892281229229115
RZZ 11 19 0.33892281229229115
RZZ 12 19 0.33892281229229115
RZZ 13 19 0.33892281229229115
RZZ 14 19 0.33892281229229115
RZZ 15 19 0.33892281229229115
RZZ 16 19 0.33892281229229115
RZZ 17 19 0.33892281229229115
RZZ 18 19 0.33892281229229115
RZZ 20 23 0.0599041982146582
RX 20 0.644840406285871
RZZ 0 20 0.33892281229229115
RZZ 1 20 0.33892281229229115
RZZ 2 20 0.33892281229229115
RZZ 3 20 0.33892281229229115
RZZ 4 20 0.33892281229229115
RZZ 5 20 0.33892281229229115
RZZ 6 20 0.33892281229229115
RZZ 7 20 0.33892281229229115
RZZ 8 20 0.33892281229229115
RZZ 9 20 0.33892281229229115
RZZ 10 20 0.33892281229229115
RZZ 11 20 0.33892281229229115
RZZ 12 20 0.33892281229229115
RZZ 13 20 0.33892281229229115
RZZ 14 20 0.33892281229229115
RZZ 15 20 0.33892281229229115
RZZ 16 20 0.33892281229229115
RZZ 17 20 0.33892281229229115
RZZ 18 20 0.33892281229229115
RZZ 19 20 0.33892281229229115
RZZ 21 23 0.0599041982146582
RX 21 0.644840406285871
RZZ 0 21 0.33892281229229115
RZZ 1 21 0.33892281229229115
RZZ 2 21 0.33892281229229115
RZZ 3 21 0.33892281229229115
RZZ 4 21 0.33892281229229115
RZZ 5 21 0.33892281229229115
RZZ 6 21 0.33892281229229115
RZZ 7 21 0.33892281229229115
RZZ 8 21 0.33892281229229115
RZZ 9 21 0.33892281229229115
RZZ 10 21 0.33892281229229115
RZZ 11 21 0.33892281229229115
RZZ 12 21 0.33892281229229115
RZZ 13 21 0.33892281229229115
RZZ 14 21 0.33892281229229115
RZZ 15 21 0.33892281229229115
RZZ 16 21 0.33892281229229115
RZZ 17 21 0.33892281229229115
RZZ 18 21 0.33892281229229115
RZZ 19 21 0.33892281229229115
RZZ 20 21 0.33892281229229115
RZZ 22 23 0.0599041982146582
RX 22 0.644840406285871
RZZ 0 22 0.33892281229229115
RZZ 1 22 0.33892281229229115
RZZ 2 22 0.33892281229229115
RZZ 3 22 0.33892281229229115
RZZ 4 22 0.33892281229229115
RZZ 5 22 0.33892281229229115
RZZ 6 22 0.33892281229229115
RZZ 7 22 0.33892281229229115
RZZ 8 22 0.33892281229229115
RZZ 9 22 0.33892281229229115
RZZ 10 22 0.33892281229229115
RZZ 11 22 0.33892281229229115
RZZ 12 22 0.33892281229229115
RZZ 13 22 0.33892281229229115
RZZ 14 22 0.33892281229229115
RZZ 15 22 0.33892281229229115
RZZ 16 22 0.33892281229229115
RZZ 17 22 0.33892281229229115
RZZ 18 22 0.33892281229229115
RZZ 19 22 0.33892281229229115
RZZ 20 22 0.33892281229229115
RZZ 21 22 0.33892281229229115
RX 23 0.644840406285871
RZZ 0 23 0.33892281229229115
RX 0 2.7579284126769803
RZZ 1 23 0.33892281229229115
RX 1 2.7579284126769803
RZZ 2 23 0.33892281229229115
RX 2 2.7579284126769803
RZZ 3 23 0.33892281229229115
RX 3 2.7579284126769803
RZZ 4 23 0.33892281229229115
RX 4 2.7579284126769803
RZZ 5 23 0.33892281229229115
RX 5 2.7579284126769803
RZZ 6 23 0.33892281229229115
RX 6 2.7579284126769803
RZZ 7 23 0.33892281229229115
RX 7 2.7579284126769803
RZZ 8 23 0.33892281229229115
RX 8 2.7579284126769803
RZZ 9 23 0.33892281229229115
RX 9 2.7579284126769803
RZZ 10 23 0.33892281229229115
RX 10 2.7579284126769803
RZZ 11 23 0.33892281229229115
RX 11 2.7579284126769803
RZZ 12 23 0.33892281229229115
RX 12 2.7579284126769803
RZZ 13 23 0.33892281229229115
RX 13 2.7579284126769803
RZZ 14 23 0.33892281229229115
RX 14 2.7579284126769803
RZZ 15 23 0.33892281229229115
RX 15 2.7579284126769803
RZZ 16 23 0.33892281229229115
RX 16 2.7579284126769803
RZZ 17 23 0.33892281229229115
RX 17 2.7579284126769803
RZZ 18 23 0.33892281229229115
RX 18 2.7579284126769803
RZZ 19 23 0.33892281229229115
RX 19 2.7579284126769803
RZZ 20 23 0.33892281229229115
RX 20 2.7579284126769803
RZZ 21 23 0.33892281229229115
RX 21 2.7579284126769803
RZZ 22 23 0.33892281229229115
RX 22 2.7579284126769803
RX 23 2.7579284126769803