H 0 
CP 1 0 1.5707963267948966
H 1 
CP 2 0 0.7853981633974483
CP 2 1 1.5707963267948966
H 2 
CP 3 0 0.39269908169872414
CP 3 1 0.7853981633974483
CP 3 2 1.5707963267948966
H 3 
CP 4 0 0.19634954084936207
CP 4 1 0.39269908169872414
CP 4 2 0.7853981633974483
CP 4 3 1.5707963267948966
H 4 
CP 5 0 0.09817477042468103
CP 5 1 0.19634954084936207
CP 5 2 0.39269908169872414
CP 5 3 0.7853981633974483
CP 5 4 1.5707963267948966
H 5 
CP 6 0 0.04908738521234052
CP 6 1 0.09817477042468103
CP 6 2 0.19634954084936207
CP 6 3 0.39269908169872414
CP 6 4 0.7853981633974483
CP 6 5 1.5707963267948966
H 6 
CP 7 0 0.02454369260617026
CP 7 1 0.04908738521234052
CP 7 2 0.09817477042468103
CP 7 3 0.19634954084936207
CP 7 4 0.39269908169872414
CP 7 5 0.7853981633974483
CP 7 6 1.5707963267948966
H 7 
CP 8 0 0.01227184630308513
CP 8 1 0.02454369260617026
CP 8 2 0.04908738521234052
CP 8 3 0.09817477042468103
CP 8 4 0.19634954084936207
CP 8 5 0.39269908169872414
CP 8 6 0.7853981633974483
CP 8 7 1.5707963267948966
H 8 
CP 9 0 0.006135923151542565
CP 9 1 0.01227184630308513
CP 9 2 0.02454369260617026
CP 9 3 0.04908738521234052
CP 9 4 0.09817477042468103
CP 9 5 0.19634954084936207
CP 9 6 0.39269908169872414
CP 9 7 0.7853981633974483
CP 9 8 1.5707963267948966
H 9 
CP 10 0 0.0030679615757712823
CP 10 1 0.006135923151542565
CP 10 2 0.01227184630308513
CP 10 3 0.02454369260617026
CP 10 4 0.04908738521234052
CP 10 5 0.09817477042468103
CP 10 6 0.19634954084936207
CP 10 7 0.39269908169872414
CP 10 8 0.7853981633974483
CP 10 9 1.5707963267948966
H 10 
CP 11 0 0.0015339807878856412
CP 11 1 0.0030679615757712823
CP 11 2 0.006135923151542565
CP 11 3 0.01227184630308513
CP 11 4 0.02454369260617026
CP 11 5 0.04908738521234052
CP 11 6 0.09817477042468103
CP 11 7 0.19634954084936207
CP 11 8 0.39269908169872414
CP 11 9 0.7853981633974483
CP 11 10 1.5707963267948966
H 11 
CP 12 0 0.0007669903939428206
CP 12 1 0.0015339807878856412
CP 12 2 0.0030679615757712823
CP 12 3 0.006135923151542565
CP 12 4 0.01227184630308513
CP 12 5 0.02454369260617026
CP 12 6 0.04908738521234052
CP 12 7 0.09817477042468103
CP 12 8 0.19634954084936207
CP 12 9 0.39269908169872414
CP 12 10 0.7853981633974483
CP 12 11 1.5707963267948966
H 12 
CP 13 0 0.0003834951969714103
CP 13 1 0.0007669903939428206
CP 13 2 0.0015339807878856412
CP 13 3 0.0030679615757712823
CP 13 4 0.006135923151542565
CP 13 5 0.01227184630308513
CP 13 6 0.02454369260617026
CP 13 7 0.04908738521234052
CP 13 8 0.09817477042468103
CP 13 9 0.19634954084936207
CP 13 10 0.39269908169872414
CP 13 11 0.7853981633974483
CP 13 12 1.5707963267948966
H 13 
CP 14 0 0.00019174759848570515
CP 14 1 0.0003834951969714103
CP 14 2 0.0007669903939428206
CP 14 3 0.0015339807878856412
CP 14 4 0.0030679615757712823
CP 14 5 0.006135923151542565
CP 14 6 0.01227184630308513
CP 14 7 0.02454369260617026
CP 14 8 0.04908738521234052
CP 14 9 0.09817477042468103
CP 14 10 0.19634954084936207
CP 14 11 0.39269908169872414
CP 14 12 0.7853981633974483
CP 14 13 1.5707963267948966
H 14 
CP 15 0 9.587379924285257e-05
CP 15 1 0.00019174759848570515
CP 15 2 0.0003834951969714103
CP 15 3 0.0007669903939428206
CP 15 4 0.0015339807878856412
CP 15 5 0.0030679615757712823
CP 15 6 0.006135923151542565
CP 15 7 0.01227184630308513
CP 15 8 0.02454369260617026
CP 15 9 0.04908738521234052
CP 15 10 0.09817477042468103
CP 15 11 0.19634954084936207
CP 15 12 0.39269908169872414
CP 15 13 0.7853981633974483
CP 15 14 1.5707963267948966
H 15 
CP 16 0 4.7936899621426287e-05
CP 16 1 9.587379924285257e-05
CP 16 2 0.00019174759848570515
CP 16 3 0.0003834951969714103
CP 16 4 0.0007669903939428206
CP 16 5 0.0015339807878856412
CP 16 6 0.0030679615757712823
CP 16 7 0.006135923151542565
CP 16 8 0.01227184630308513
CP 16 9 0.02454369260617026
CP 16 10 0.04908738521234052
CP 16 11 0.09817477042468103
CP 16 12 0.19634954084936207
CP 16 13 0.39269908169872414
CP 16 14 0.7853981633974483
CP 16 15 1.5707963267948966
H 16 
CP 17 0 2.3968449810713143e-05
CP 17 1 4.7936899621426287e-05
CP 17 2 9.587379924285257e-05
CP 17 3 0.00019174759848570515
CP 17 4 0.0003834951969714103
CP 17 5 0.0007669903939428206
CP 17 6 0.0015339807878856412
CP 17 7 0.0030679615757712823
CP 17 8 0.006135923151542565
CP 17 9 0.01227184630308513
CP 17 10 0.02454369260617026
CP 17 11 0.04908738521234052
CP 17 12 0.09817477042468103
CP 17 13 0.19634954084936207
CP 17 14 0.39269908169872414
CP 17 15 0.7853981633974483
CP 17 16 1.5707963267948966
H 17 
CP 18 0 1.1984224905356572e-05
CP 18 1 2.3968449810713143e-05
CP 18 2 4.7936899621426287e-05
CP 18 3 9.587379924285257e-05
CP 18 4 0.00019174759848570515
CP 18 5 0.0003834951969714103
CP 18 6 0.0007669903939428206
CP 18 7 0.0015339807878856412
CP 18 8 0.0030679615757712823
CP 18 9 0.006135923151542565
CP 18 10 0.01227184630308513
CP 18 11 0.02454369260617026
CP 18 12 0.04908738521234052
CP 18 13 0.09817477042468103
CP 18 14 0.19634954084936207
CP 18 15 0.39269908169872414
CP 18 16 0.7853981633974483
CP 18 17 1.5707963267948966
H 18 
CP 19 0 5.992112452678286e-06
CP 19 1 1.1984224905356572e-05
CP 19 2 2.3968449810713143e-05
CP 19 3 4.7936899621426287e-05
CP 19 4 9.587379924285257e-05
CP 19 5 0.00019174759848570515
CP 19 6 0.0003834951969714103
CP 19 7 0.0007669903939428206
CP 19 8 0.0015339807878856412
CP 19 9 0.0030679615757712823
CP 19 10 0.006135923151542565
CP 19 11 0.01227184630308513
CP 19 12 0.02454369260617026
CP 19 13 0.04908738521234052
CP 19 14 0.09817477042468103
CP 19 15 0.19634954084936207
CP 19 16 0.39269908169872414
CP 19 17 0.7853981633974483
CP 19 18 1.5707963267948966
H 19 
CP 20 0 2.996056226339143e-06
CP 20 1 5.992112452678286e-06
CP 20 2 1.1984224905356572e-05
CP 20 3 2.3968449810713143e-05
CP 20 4 4.7936899621426287e-05
CP 20 5 9.587379924285257e-05
CP 20 6 0.00019174759848570515
CP 20 7 0.0003834951969714103
CP 20 8 0.0007669903939428206
CP 20 9 0.0015339807878856412
CP 20 10 0.0030679615757712823
CP 20 11 0.006135923151542565
CP 20 12 0.01227184630308513
CP 20 13 0.02454369260617026
CP 20 14 0.04908738521234052
CP 20 15 0.09817477042468103
CP 20 16 0.19634954084936207
CP 20 17 0.39269908169872414
CP 20 18 0.7853981633974483
CP 20 19 1.5707963267948966
H 20 
CP 21 0 1.4980281131695715e-06
CP 21 1 2.996056226339143e-06
CP 21 2 5.992112452678286e-06
CP 21 3 1.1984224905356572e-05
CP 21 4 2.3968449810713143e-05
CP 21 5 4.7936899621426287e-05
CP 21 6 9.587379924285257e-05
CP 21 7 0.00019174759848570515
CP 21 8 0.0003834951969714103
CP 21 9 0.0007669903939428206
CP 21 10 0.0015339807878856412
CP 21 11 0.0030679615757712823
CP 21 12 0.006135923151542565
CP 21 13 0.01227184630308513
CP 21 14 0.02454369260617026
CP 21 15 0.04908738521234052
CP 21 16 0.09817477042468103
CP 21 17 0.19634954084936207
CP 21 18 0.39269908169872414
CP 21 19 0.7853981633974483
CP 21 20 1.5707963267948966
H 21 
CP 22 0 7.490140565847857e-07
CP 22 1 1.4980281131695715e-06
CP 22 2 2.996056226339143e-06
CP 22 3 5.992112452678286e-06
CP 22 4 1.1984224905356572e-05
CP 22 5 2.3968449810713143e-05
CP 22 6 4.7936899621426287e-05
CP 22 7 9.587379924285257e-05
CP 22 8 0.00019174759848570515
CP 22 9 0.0003834951969714103
CP 22 10 0.0007669903939428206
CP 22 11 0.0015339807878856412
CP 22 12 0.0030679615757712823
CP 22 13 0.006135923151542565
CP 22 14 0.01227184630308513
CP 22 15 0.02454369260617026
CP 22 16 0.04908738521234052
CP 22 17 0.09817477042468103
CP 22 18 0.19634954084936207
CP 22 19 0.39269908169872414
CP 22 20 0.7853981633974483
CP 22 21 1.5707963267948966
H 22 
CP 23 0 3.7450702829239286e-07
CP 23 1 7.490140565847857e-07
CP 23 2 1.4980281131695715e-06
CP 23 3 2.996056226339143e-06
CP 23 4 5.992112452678286e-06
CP 23 5 1.1984224905356572e-05
CP 23 6 2.3968449810713143e-05
CP 23 7 4.7936899621426287e-05
CP 23 8 9.587379924285257e-05
CP 23 9 0.00019174759848570515
CP 23 10 0.0003834951969714103
CP 23 11 0.0007669903939428206
CP 23 12 0.0015339807878856412
CP 23 13 0.0030679615757712823
CP 23 14 0.006135923151542565
CP 23 15 0.01227184630308513
CP 23 16 0.02454369260617026
CP 23 17 0.04908738521234052
CP 23 18 0.09817477042468103
CP 23 19 0.19634954084936207
CP 23 20 0.39269908169872414
CP 23 21 0.7853981633974483
CP 23 22 1.5707963267948966
H 23 