H 0 
CP 1 0 1.5707963267948966
H 1 
CP 2 0 0.7853981633974483
CP 2 1 1.5707963267948966
H 2 
CP 3 0 0.39269908169872414
CP 3 1 0.7853981633974483
CP 3 2 1.5707963267948966
H 3 
CP 4 0 0.19634954084936207
CP 4 1 0.39269908169872414
CP 4 2 0.7853981633974483
CP 4 3 1.5707963267948966
H 4 
CP 5 0 0.09817477042468103
CP 5 1 0.19634954084936207
CP 5 2 0.39269908169872414
CP 5 3 0.7853981633974483
CP 5 4 1.5707963267948966
H 5 
CP 6 0 0.04908738521234052
CP 6 1 0.09817477042468103
CP 6 2 0.19634954084936207
CP 6 3 0.39269908169872414
CP 6 4 0.7853981633974483
CP 6 5 1.5707963267948966
H 6 
CP 7 0 0.02454369260617026
CP 7 1 0.04908738521234052
CP 7 2 0.09817477042468103
CP 7 3 0.19634954084936207
CP 7 4 0.39269908169872414
CP 7 5 0.7853981633974483
CP 7 6 1.5707963267948966
H 7 
CP 8 0 0.01227184630308513
CP 8 1 0.02454369260617026
CP 8 2 0.04908738521234052
CP 8 3 0.09817477042468103
CP 8 4 0.19634954084936207
CP 8 5 0.39269908169872414
CP 8 6 0.7853981633974483
CP 8 7 1.5707963267948966
H 8 
CP 9 0 0.006135923151542565
CP 9 1 0.01227184630308513
CP 9 2 0.02454369260617026
CP 9 3 0.04908738521234052
CP 9 4 0.09817477042468103
CP 9 5 0.19634954084936207
CP 9 6 0.39269908169872414
CP 9 7 0.7853981633974483
CP 9 8 1.5707963267948966
H 9 
CP 10 0 0.0030679615757712823
CP 10 1 0.006135923151542565
CP 10 2 0.01227184630308513
CP 10 3 0.02454369260617026
CP 10 4 0.04908738521234052
CP 10 5 0.09817477042468103
CP 10 6 0.19634954084936207
CP 10 7 0.39269908169872414
CP 10 8 0.7853981633974483
CP 10 9 1.5707963267948966
H 10 
CP 11 0 0.0015339807878856412
CP 11 1 0.0030679615757712823
CP 11 2 0.006135923151542565
CP 11 3 0.01227184630308513
CP 11 4 0.02454369260617026
CP 11 5 0.04908738521234052
CP 11 6 0.09817477042468103
CP 11 7 0.19634954084936207
CP 11 8 0.39269908169872414
CP 11 9 0.7853981633974483
CP 11 10 1.5707963267948966
H 11 
CP 12 0 0.0007669903939428206
CP 12 1 0.0015339807878856412
CP 12 2 0.0030679615757712823
CP 12 3 0.006135923151542565
CP 12 4 0.01227184630308513
CP 12 5 0.02454369260617026
CP 12 6 0.04908738521234052
CP 12 7 0.09817477042468103
CP 12 8 0.19634954084936207
CP 12 9 0.39269908169872414
CP 12 10 0.7853981633974483
CP 12 11 1.5707963267948966
H 12 
CP 13 0 0.0003834951969714103
CP 13 1 0.0007669903939428206
CP 13 2 0.0015339807878856412
CP 13 3 0.0030679615757712823
CP 13 4 0.006135923151542565
CP 13 5 0.01227184630308513
CP 13 6 0.02454369260617026
CP 13 7 0.04908738521234052
CP 13 8 0.09817477042468103
CP 13 9 0.19634954084936207
CP 13 10 0.39269908169872414
CP 13 11 0.7853981633974483
CP 13 12 1.5707963267948966
H 13 
CP 14 0 0.00019174759848570515
CP 14 1 0.0003834951969714103
CP 14 2 0.0007669903939428206
CP 14 3 0.0015339807878856412
CP 14 4 0.0030679615757712823
CP 14 5 0.006135923151542565
CP 14 6 0.01227184630308513
CP 14 7 0.02454369260617026
CP 14 8 0.04908738521234052
CP 14 9 0.09817477042468103
CP 14 10 0.19634954084936207
CP 14 11 0.39269908169872414
CP 14 12 0.7853981633974483
CP 14 13 1.5707963267948966
H 14 
CP 15 0 9.587379924285257e-05
CP 15 1 0.00019174759848570515
CP 15 2 0.0003834951969714103
CP 15 3 0.0007669903939428206
CP 15 4 0.0015339807878856412
CP 15 5 0.0030679615757712823
CP 15 6 0.006135923151542565
CP 15 7 0.01227184630308513
CP 15 8 0.02454369260617026
CP 15 9 0.04908738521234052
CP 15 10 0.09817477042468103
CP 15 11 0.19634954084936207
CP 15 12 0.39269908169872414
CP 15 13 0.7853981633974483
CP 15 14 1.5707963267948966
H 15 
CP 16 0 4.7936899621426287e-05
CP 16 1 9.587379924285257e-05
CP 16 2 0.00019174759848570515
CP 16 3 0.0003834951969714103
CP 16 4 0.0007669903939428206
CP 16 5 0.0015339807878856412
CP 16 6 0.0030679615757712823
CP 16 7 0.006135923151542565
CP 16 8 0.01227184630308513
CP 16 9 0.02454369260617026
CP 16 10 0.04908738521234052
CP 16 11 0.09817477042468103
CP 16 12 0.19634954084936207
CP 16 13 0.39269908169872414
CP 16 14 0.7853981633974483
CP 16 15 1.5707963267948966
H 16 
CP 17 0 2.3968449810713143e-05
CP 17 1 4.7936899621426287e-05
CP 17 2 9.587379924285257e-05
CP 17 3 0.00019174759848570515
CP 17 4 0.0003834951969714103
CP 17 5 0.0007669903939428206
CP 17 6 0.0015339807878856412
CP 17 7 0.0030679615757712823
CP 17 8 0.006135923151542565
CP 17 9 0.01227184630308513
CP 17 10 0.02454369260617026
CP 17 11 0.04908738521234052
CP 17 12 0.09817477042468103
CP 17 13 0.19634954084936207
CP 17 14 0.39269908169872414
CP 17 15 0.7853981633974483
CP 17 16 1.5707963267948966
H 17 
CP 18 0 1.1984224905356572e-05
CP 18 1 2.3968449810713143e-05
CP 18 2 4.7936899621426287e-05
CP 18 3 9.587379924285257e-05
CP 18 4 0.00019174759848570515
CP 18 5 0.0003834951969714103
CP 18 6 0.0007669903939428206
CP 18 7 0.0015339807878856412
CP 18 8 0.0030679615757712823
CP 18 9 0.006135923151542565
CP 18 10 0.01227184630308513
CP 18 11 0.02454369260617026
CP 18 12 0.04908738521234052
CP 18 13 0.09817477042468103
CP 18 14 0.19634954084936207
CP 18 15 0.39269908169872414
CP 18 16 0.7853981633974483
CP 18 17 1.5707963267948966
H 18 
CP 19 0 5.992112452678286e-06
CP 19 1 1.1984224905356572e-05
CP 19 2 2.3968449810713143e-05
CP 19 3 4.7936899621426287e-05
CP 19 4 9.587379924285257e-05
CP 19 5 0.00019174759848570515
CP 19 6 0.0003834951969714103
CP 19 7 0.0007669903939428206
CP 19 8 0.0015339807878856412
CP 19 9 0.0030679615757712823
CP 19 10 0.006135923151542565
CP 19 11 0.01227184630308513
CP 19 12 0.02454369260617026
CP 19 13 0.04908738521234052
CP 19 14 0.09817477042468103
CP 19 15 0.19634954084936207
CP 19 16 0.39269908169872414
CP 19 17 0.7853981633974483
CP 19 18 1.5707963267948966
H 19 
CP 20 0 2.996056226339143e-06
CP 20 1 5.992112452678286e-06
CP 20 2 1.1984224905356572e-05
CP 20 3 2.3968449810713143e-05
CP 20 4 4.7936899621426287e-05
CP 20 5 9.587379924285257e-05
CP 20 6 0.00019174759848570515
CP 20 7 0.0003834951969714103
CP 20 8 0.0007669903939428206
CP 20 9 0.0015339807878856412
CP 20 10 0.0030679615757712823
CP 20 11 0.006135923151542565
CP 20 12 0.01227184630308513
CP 20 13 0.02454369260617026
CP 20 14 0.04908738521234052
CP 20 15 0.09817477042468103
CP 20 16 0.19634954084936207
CP 20 17 0.39269908169872414
CP 20 18 0.7853981633974483
CP 20 19 1.5707963267948966
H 20 
CP 21 0 1.4980281131695715e-06
CP 21 1 2.996056226339143e-06
CP 21 2 5.992112452678286e-06
CP 21 3 1.1984224905356572e-05
CP 21 4 2.3968449810713143e-05
CP 21 5 4.7936899621426287e-05
CP 21 6 9.587379924285257e-05
CP 21 7 0.00019174759848570515
CP 21 8 0.0003834951969714103
CP 21 9 0.0007669903939428206
CP 21 10 0.0015339807878856412
CP 21 11 0.0030679615757712823
CP 21 12 0.006135923151542565
CP 21 13 0.01227184630308513
CP 21 14 0.02454369260617026
CP 21 15 0.04908738521234052
CP 21 16 0.09817477042468103
CP 21 17 0.19634954084936207
CP 21 18 0.39269908169872414
CP 21 19 0.7853981633974483
CP 21 20 1.5707963267948966
H 21 
CP 22 0 7.490140565847857e-07
CP 22 1 1.4980281131695715e-06
CP 22 2 2.996056226339143e-06
CP 22 3 5.992112452678286e-06
CP 22 4 1.1984224905356572e-05
CP 22 5 2.3968449810713143e-05
CP 22 6 4.7936899621426287e-05
CP 22 7 9.587379924285257e-05
CP 22 8 0.00019174759848570515
CP 22 9 0.0003834951969714103
CP 22 10 0.0007669903939428206
CP 22 11 0.0015339807878856412
CP 22 12 0.0030679615757712823
CP 22 13 0.006135923151542565
CP 22 14 0.01227184630308513
CP 22 15 0.02454369260617026
CP 22 16 0.04908738521234052
CP 22 17 0.09817477042468103
CP 22 18 0.19634954084936207
CP 22 19 0.39269908169872414
CP 22 20 0.7853981633974483
CP 22 21 1.5707963267948966
H 22 
CP 23 0 3.7450702829239286e-07
CP 23 1 7.490140565847857e-07
CP 23 2 1.4980281131695715e-06
CP 23 3 2.996056226339143e-06
CP 23 4 5.992112452678286e-06
CP 23 5 1.1984224905356572e-05
CP 23 6 2.3968449810713143e-05
CP 23 7 4.7936899621426287e-05
CP 23 8 9.587379924285257e-05
CP 23 9 0.00019174759848570515
CP 23 10 0.0003834951969714103
CP 23 11 0.0007669903939428206
CP 23 12 0.0015339807878856412
CP 23 13 0.0030679615757712823
CP 23 14 0.006135923151542565
CP 23 15 0.01227184630308513
CP 23 16 0.02454369260617026
CP 23 17 0.04908738521234052
CP 23 18 0.09817477042468103
CP 23 19 0.19634954084936207
CP 23 20 0.39269908169872414
CP 23 21 0.7853981633974483
CP 23 22 1.5707963267948966
H 23 
CP 24 0 1.8725351414619643e-07
CP 24 1 3.7450702829239286e-07
CP 24 2 7.490140565847857e-07
CP 24 3 1.4980281131695715e-06
CP 24 4 2.996056226339143e-06
CP 24 5 5.992112452678286e-06
CP 24 6 1.1984224905356572e-05
CP 24 7 2.3968449810713143e-05
CP 24 8 4.7936899621426287e-05
CP 24 9 9.587379924285257e-05
CP 24 10 0.00019174759848570515
CP 24 11 0.0003834951969714103
CP 24 12 0.0007669903939428206
CP 24 13 0.0015339807878856412
CP 24 14 0.0030679615757712823
CP 24 15 0.006135923151542565
CP 24 16 0.01227184630308513
CP 24 17 0.02454369260617026
CP 24 18 0.04908738521234052
CP 24 19 0.09817477042468103
CP 24 20 0.19634954084936207
CP 24 21 0.39269908169872414
CP 24 22 0.7853981633974483
CP 24 23 1.5707963267948966
H 24 
CP 25 0 9.362675707309822e-08
CP 25 1 1.8725351414619643e-07
CP 25 2 3.7450702829239286e-07
CP 25 3 7.490140565847857e-07
CP 25 4 1.4980281131695715e-06
CP 25 5 2.996056226339143e-06
CP 25 6 5.992112452678286e-06
CP 25 7 1.1984224905356572e-05
CP 25 8 2.3968449810713143e-05
CP 25 9 4.7936899621426287e-05
CP 25 10 9.587379924285257e-05
CP 25 11 0.00019174759848570515
CP 25 12 0.0003834951969714103
CP 25 13 0.0007669903939428206
CP 25 14 0.0015339807878856412
CP 25 15 0.0030679615757712823
CP 25 16 0.006135923151542565
CP 25 17 0.01227184630308513
CP 25 18 0.02454369260617026
CP 25 19 0.04908738521234052
CP 25 20 0.09817477042468103
CP 25 21 0.19634954084936207
CP 25 22 0.39269908169872414
CP 25 23 0.7853981633974483
CP 25 24 1.5707963267948966
H 25 
CP 26 0 4.681337853654911e-08
CP 26 1 9.362675707309822e-08
CP 26 2 1.8725351414619643e-07
CP 26 3 3.7450702829239286e-07
CP 26 4 7.490140565847857e-07
CP 26 5 1.4980281131695715e-06
CP 26 6 2.996056226339143e-06
CP 26 7 5.992112452678286e-06
CP 26 8 1.1984224905356572e-05
CP 26 9 2.3968449810713143e-05
CP 26 10 4.7936899621426287e-05
CP 26 11 9.587379924285257e-05
CP 26 12 0.00019174759848570515
CP 26 13 0.0003834951969714103
CP 26 14 0.0007669903939428206
CP 26 15 0.0015339807878856412
CP 26 16 0.0030679615757712823
CP 26 17 0.006135923151542565
CP 26 18 0.01227184630308513
CP 26 19 0.02454369260617026
CP 26 20 0.04908738521234052
CP 26 21 0.09817477042468103
CP 26 22 0.19634954084936207
CP 26 23 0.39269908169872414
CP 26 24 0.7853981633974483
CP 26 25 1.5707963267948966
H 26 
CP 27 0 2.3406689268274554e-08
CP 27 1 4.681337853654911e-08
CP 27 2 9.362675707309822e-08
CP 27 3 1.8725351414619643e-07
CP 27 4 3.7450702829239286e-07
CP 27 5 7.490140565847857e-07
CP 27 6 1.4980281131695715e-06
CP 27 7 2.996056226339143e-06
CP 27 8 5.992112452678286e-06
CP 27 9 1.1984224905356572e-05
CP 27 10 2.3968449810713143e-05
CP 27 11 4.7936899621426287e-05
CP 27 12 9.587379924285257e-05
CP 27 13 0.00019174759848570515
CP 27 14 0.0003834951969714103
CP 27 15 0.0007669903939428206
CP 27 16 0.0015339807878856412
CP 27 17 0.0030679615757712823
CP 27 18 0.006135923151542565
CP 27 19 0.01227184630308513
CP 27 20 0.02454369260617026
CP 27 21 0.04908738521234052
CP 27 22 0.09817477042468103
CP 27 23 0.19634954084936207
CP 27 24 0.39269908169872414
CP 27 25 0.7853981633974483
CP 27 26 1.5707963267948966
H 27 
CP 28 0 1.1703344634137277e-08
CP 28 1 2.3406689268274554e-08
CP 28 2 4.681337853654911e-08
CP 28 3 9.362675707309822e-08
CP 28 4 1.8725351414619643e-07
CP 28 5 3.7450702829239286e-07
CP 28 6 7.490140565847857e-07
CP 28 7 1.4980281131695715e-06
CP 28 8 2.996056226339143e-06
CP 28 9 5.992112452678286e-06
CP 28 10 1.1984224905356572e-05
CP 28 11 2.3968449810713143e-05
CP 28 12 4.7936899621426287e-05
CP 28 13 9.587379924285257e-05
CP 28 14 0.00019174759848570515
CP 28 15 0.0003834951969714103
CP 28 16 0.0007669903939428206
CP 28 17 0.0015339807878856412
CP 28 18 0.0030679615757712823
CP 28 19 0.006135923151542565
CP 28 20 0.01227184630308513
CP 28 21 0.02454369260617026
CP 28 22 0.04908738521234052
CP 28 23 0.09817477042468103
CP 28 24 0.19634954084936207
CP 28 25 0.39269908169872414
CP 28 26 0.7853981633974483
CP 28 27 1.5707963267948966
H 28 
CP 29 0 5.8516723170686385e-09
CP 29 1 1.1703344634137277e-08
CP 29 2 2.3406689268274554e-08
CP 29 3 4.681337853654911e-08
CP 29 4 9.362675707309822e-08
CP 29 5 1.8725351414619643e-07
CP 29 6 3.7450702829239286e-07
CP 29 7 7.490140565847857e-07
CP 29 8 1.4980281131695715e-06
CP 29 9 2.996056226339143e-06
CP 29 10 5.992112452678286e-06
CP 29 11 1.1984224905356572e-05
CP 29 12 2.3968449810713143e-05
CP 29 13 4.7936899621426287e-05
CP 29 14 9.587379924285257e-05
CP 29 15 0.00019174759848570515
CP 29 16 0.0003834951969714103
CP 29 17 0.0007669903939428206
CP 29 18 0.0015339807878856412
CP 29 19 0.0030679615757712823
CP 29 20 0.006135923151542565
CP 29 21 0.01227184630308513
CP 29 22 0.02454369260617026
CP 29 23 0.04908738521234052
CP 29 24 0.09817477042468103
CP 29 25 0.19634954084936207
CP 29 26 0.39269908169872414
CP 29 27 0.7853981633974483
CP 29 28 1.5707963267948966
H 29 
CP 30 0 2.9258361585343192e-09
CP 30 1 5.8516723170686385e-09
CP 30 2 1.1703344634137277e-08
CP 30 3 2.3406689268274554e-08
CP 30 4 4.681337853654911e-08
CP 30 5 9.362675707309822e-08
CP 30 6 1.8725351414619643e-07
CP 30 7 3.7450702829239286e-07
CP 30 8 7.490140565847857e-07
CP 30 9 1.4980281131695715e-06
CP 30 10 2.996056226339143e-06
CP 30 11 5.992112452678286e-06
CP 30 12 1.1984224905356572e-05
CP 30 13 2.3968449810713143e-05
CP 30 14 4.7936899621426287e-05
CP 30 15 9.587379924285257e-05
CP 30 16 0.00019174759848570515
CP 30 17 0.0003834951969714103
CP 30 18 0.0007669903939428206
CP 30 19 0.0015339807878856412
CP 30 20 0.0030679615757712823
CP 30 21 0.006135923151542565
CP 30 22 0.01227184630308513
CP 30 23 0.02454369260617026
CP 30 24 0.04908738521234052
CP 30 25 0.09817477042468103
CP 30 26 0.19634954084936207
CP 30 27 0.39269908169872414
CP 30 28 0.7853981633974483
CP 30 29 1.5707963267948966
H 30 
CP 31 0 1.4629180792671596e-09
CP 31 1 2.9258361585343192e-09
CP 31 2 5.8516723170686385e-09
CP 31 3 1.1703344634137277e-08
CP 31 4 2.3406689268274554e-08
CP 31 5 4.681337853654911e-08
CP 31 6 9.362675707309822e-08
CP 31 7 1.8725351414619643e-07
CP 31 8 3.7450702829239286e-07
CP 31 9 7.490140565847857e-07
CP 31 10 1.4980281131695715e-06
CP 31 11 2.996056226339143e-06
CP 31 12 5.992112452678286e-06
CP 31 13 1.1984224905356572e-05
CP 31 14 2.3968449810713143e-05
CP 31 15 4.7936899621426287e-05
CP 31 16 9.587379924285257e-05
CP 31 17 0.00019174759848570515
CP 31 18 0.0003834951969714103
CP 31 19 0.0007669903939428206
CP 31 20 0.0015339807878856412
CP 31 21 0.0030679615757712823
CP 31 22 0.006135923151542565
CP 31 23 0.01227184630308513
CP 31 24 0.02454369260617026
CP 31 25 0.04908738521234052
CP 31 26 0.09817477042468103
CP 31 27 0.19634954084936207
CP 31 28 0.39269908169872414
CP 31 29 0.7853981633974483
CP 31 30 1.5707963267948966
H 31 