U1 0 2.635161662587764 2.7555397974626032 -3.1125747046585808
U1 1 0.6167973430340494 1.2021146677446932 2.522868754521448
U1 2 1.697408430042792 -0.6207171699797103 1.432529256700553
U1 3 2.1475526513512606 -1.1979967213305265 0.7102718348075627
U1 4 2.8074917008146545 -1.3700341410278767 1.3813110410361613
U1 5 1.4182271685993835 3.085353452304491 -2.108601115792518
U1 6 0.8607485652806063 1.5794622581097357 2.004302770072166
U1 7 0.6303326605491233 -1.3989279627943565 -0.2923715355381322
U1 8 1.1298698599823827 -1.2062755818423638 -1.593787097703446
CX 1 8 
U1 1 0.9390997836368988 -1.5707963267949 -1.5707963267949
U1 8 1.3443297751306758 -0.3371797021020515 -0.5696630724178586
CX 1 8 
U1 1 0.16573442469482116 0.0 1.5707963267949
U1 8 1.9404355043262396 -2.97530256136434 2.0057018099940827
CX 1 8 
U1 1 1.2546645358586659 0.03356433141266857 -1.8039662582827725
U1 1 1.9151360189255364 1.8143923801837687 -0.38771666042573427
U1 8 1.5714581025965066 -1.0255806191716443 -1.7041915211837821
U1 8 1.9229296695304838 2.2364632607906394 -2.951159074329852
U1 9 2.635360904076502 1.4948352660430029 2.340925162827256
CX 7 9 
U1 7 0.7919694919865814 -1.5707963267949 -1.5707963267949
U1 9 1.3402161737924798 -0.3344384702799901 -0.581763364563237
CX 7 9 
U1 7 0.08098705566300717 -3.14159265358979 -1.5707963267949
U1 9 1.9404355043262396 -2.97530256136434 2.0057018099940827
CX 7 9 
U1 7 1.962712344297407 1.7666661166811233 0.9582346496949121
U1 7 2.1640607292362075 0.49624280425708234 -1.096839065941488
U1 9 1.042330391632286 0.3874351109753569 -0.7814585293307585
U1 9 1.7265197822283158 1.4511402550032653 0.4724420836056278
U1 10 1.985063382678183 -2.583642839119783 -3.0533859509769266
U1 11 2.1346426151144766 0.0320722578673851 2.2015780239496294
CX 11 4 
U1 4 1.2969928944806568 -0.30054278047877814 -0.7173761860819479
U1 11 0.7784832884180459 -1.5707963267949 -1.5707963267949
CX 11 4 
U1 4 1.9404355043262396 -2.97530256136434 2.0057018099940827
U1 11 0.008371295534626705 0.0 1.5707963267949
CX 11 4 
U1 4 0.5368885063338557 0.3649249428831256 -2.016278482703596
U1 4 1.5226243678281695 0.8658541262034021 -0.5464668711583935
U1 11 2.316938553588554 1.0125747937369969 0.5508519115252706
U1 11 2.6282855367780487 1.8134284925986721 -2.6338777969141667
U1 12 1.5122896611490333 -1.4808522602991079 0.5588473724731751
CX 12 5 
U1 5 1.2693471029889989 -0.2727996170290279 -0.8150937550677959
U1 12 0.44973044269357393 -1.5707963267949 -1.5707963267949
CX 12 5 
U1 5 1.9404355043262396 -2.97530256136434 2.0057018099940827
U1 12 0.1599250286159696 -3.14159265358979 -1.5707963267949
CX 12 5 
U1 5 0.551845493516479 0.6677281129819526 -2.6728503835259447
U1 5 2.375556332648212 0.03573064300474549 1.7657893742144504
U1 12 2.185283719714011 2.0599893236878835 -0.22494628291750596
U1 12 2.7341097849973397 1.3876678758162964 2.4235499298782397
U1 13 0.2822668732535171 2.6732792239674703 -0.6482790437967325
U1 14 2.5203801940427826 -1.1565248970544382 2.6324947987694545
U1 15 2.0735450627946816 -2.557195316605136 0.30921581162700296
U1 16 1.9522048494012443 0.624597176662713 0.1667487539843524
CX 16 6 
U1 6 1.395882266465146 -0.36578249808249597 -0.42646287511624337
U1 16 1.1739898419031893 -1.5707963267949 -1.5707963267949
CX 16 6 
U1 6 1.9404355043262396 -2.97530256136434 2.0057018099940827
U1 16 0.49256672800870327 -3.14159265358979 -1.5707963267949
CX 16 6 
U1 6 1.5639524618273697 3.0951393031544434 1.151829721244816
U1 6 1.1110974460014924 -0.1629736105336126 0.7822653938033586
U1 16 2.8972520135562077 0.6214733104188603 2.8049940568491065
U1 16 1.56697038232589 -0.904209051733313 -2.9215995250283413
U1 17 0.7227610098829236 -1.0129116712161572 3.048368342803048
CX 17 15 
U1 15 1.4154312602191548 -0.37418297094888153 -0.3753752539562605
U1 17 0.9916108250100425 -1.5707963267949 -1.5707963267949
CX 17 15 
U1 15 1.9404355043262396 -2.97530256136434 2.0057018099940827
U1 17 0.08653154715416433 0.0 1.5707963267949
CX 17 15 
U1 15 1.6805988682534003 -1.9430533754169659 1.699000705491292
U1 15 1.5713807495621015 -2.4321240958913792 2.785246569820411
U1 17 1.9056232067076189 0.4398985637074806 -2.735594127536932
U1 17 1.1330179138959906 2.1635138788744976 2.9172130891994117
CX 9 17 
U1 9 0.5584857832827609 -1.5707963267949 -1.5707963267949
U1 17 1.3337855119741029 -0.3299995105297211 -0.6009232960393422
CX 9 17 
U1 9 0.07521325642560604 -3.14159265358979 -1.5707963267949
U1 17 1.9404355043262396 -2.97530256136434 2.0057018099940827
CX 9 17 
U1 9 2.7533271348947417 -0.3586772687853017 -1.6755762129934864
U1 9 0.49496653508125754 -0.7342134610306763 2.8556791655661193
U1 17 1.440708408858052 1.3185715431549436 -2.8460736599127494
U1 17 2.058710522478379 2.159986636187625 1.232076799212674
U1 18 2.6206409973511073 -0.9081495684734673 -2.1185895162185435
CX 3 18 
U1 3 0.38839071325836055 -1.5707963267949 -1.5707963267949
U1 18 1.3201910553847755 -0.31996250503479473 -0.6424950485574143
CX 3 18 
U1 3 0.034338118688081114 0.0 1.5707963267949
U1 18 1.9404355043262396 -2.97530256136434 2.0057018099940827
CX 3 18 
U1 3 1.71462480257576 1.4001871292459978 0.25175772113879136
U1 3 2.243348505830419 -0.4873333656688654 2.8971953635514414
CX 3 15 
U1 3 0.8644117200234336 -1.5707963267949 -1.5707963267949
U1 15 1.3675394622221062 -0.35130783090905826 -0.5034274661632541
CX 3 15 
U1 3 0.4806790346388964 0.0 1.5707963267949
U1 15 1.9404355043262396 -2.97530256136434 2.0057018099940827
CX 3 15 
U1 3 1.8564868218477724 -0.3426496523296976 2.1460739103926656
U1 3 1.531937036558981 -1.9919146701032824 2.435004846284909
CX 3 9 
U1 3 0.5888030479175388 -1.5707963267949 -1.5707963267949
U1 9 1.3278698077108408 -0.325744085785983 -0.6188273631964236
CX 3 9 
U1 3 0.024338893846062453 -3.14159265358979 -1.5707963267949
U1 9 1.9404355043262396 -2.97530256136434 2.0057018099940827
CX 3 9 
U1 3 2.592996034044091 -1.2585381545995789 2.959454790727518
U1 9 1.7560835876358412 -3.0345324767140127 0.4505277683183384
U1 15 1.6001099062249866 -1.5909289951579435 0.2224942710732729
U1 15 1.1138001288457604 1.8224780676065695 -0.7272723828180694
U1 18 1.7624659339363486 -1.5678611016348363 -0.7483091256096452
U1 18 1.1441747417119643 -2.7787072693302965 -0.30707380163401066
CX 12 18 
U1 12 0.69502956447998 -1.5707963267949 -1.5707963267949
U1 18 1.3951407428756195 -0.36543945238452036 -0.4284300080730734
CX 12 18 
U1 12 0.27050458985438985 0.0 1.5707963267949
U1 18 1.9404355043262396 -2.97530256136434 2.0057018099940827
CX 12 18 
U1 12 2.692211635997826 -0.32028575581244967 0.8326748407177087
U1 12 1.9256977354512255 2.8516784877613723 2.060585482375492
U1 18 0.3919071841074846 -2.5939101414092516 1.4311973385105556
U1 18 2.5122937131248078 0.7575213980964883 -2.3677297704232037
U1 19 1.4747394526935127 -1.0974825116975602 -0.09170060258810997
CX 0 19 
U1 0 0.7764400295891427 -1.5707963267949 -1.5707963267949
U1 19 1.270866666657824 -0.27447841318551536 -0.8094255855229591
CX 0 19 
U1 0 0.3903411195495161 0.0 1.5707963267949
U1 19 1.9404355043262396 -2.97530256136434 2.0057018099940827
CX 0 19 
U1 0 2.1843163265513845 1.6759098897432763 0.592165986692275
U1 0 1.517074149260625 -0.24807186776887313 -0.0017205949635670237
CX 0 7 
U1 0 0.6091809027683227 -1.5707963267949 -1.5707963267949
U1 7 1.359352395790773 -0.34657386502977117 -0.526421479677774
CX 0 7 
U1 0 0.04224080130909261 -3.14159265358979 -1.5707963267949
U1 7 1.9404355043262396 -2.97530256136434 2.0057018099940827
CX 0 7 
U1 0 0.5668842872830877 1.1566397664400352 2.3482255839680057
U1 0 1.3473830856626603 2.506324942629382 1.3265347455040057
U1 7 0.814669262989749 -1.7715100869310085 2.1979531914999297
U1 7 0.33805544071133486 -2.664310583604839 0.004559747737399089
U1 19 1.3875509600634774 0.5816906590600652 -0.29436816556868584
U1 19 1.29789058244048 0.8464050720033884 2.8536847035354835
CX 16 19 
U1 16 1.0348563829786592 -1.5707963267949 -1.5707963267949
U1 19 1.3139077233503493 -0.31500355589539586 -0.6622485476299467
CX 16 19 
U1 16 0.11968058860232152 -3.14159265358979 -1.5707963267949
U1 19 1.9404355043262396 -2.97530256136434 2.0057018099940827
CX 16 19 
U1 16 0.2518049771255965 2.6011054482578384 2.745657887115998
U1 16 2.3123348076917325 2.6746962712907525 2.081777587578408
U1 19 1.2389772611017953 1.7352377153570346 -0.2875679508242168
U1 19 2.0590270860168745 -2.795153832838511 0.9988944745574617
U1 20 1.4521356076401497 -2.3278917693260315 3.1347661909427043
CX 13 20 
U1 13 1.1408191569888082 -1.5707963267949 -1.5707963267949
U1 20 1.3501693365036336 -0.34094402040202887 -0.5526833968632623
CX 13 20 
U1 13 0.1961134915571029 0.0 1.5707963267949
U1 20 1.9404355043262396 -2.97530256136434 2.0057018099940827
CX 13 20 
U1 13 2.002081490049684 -1.4422770227957402 0.17791239984387808
U1 13 2.7960473938925183 0.057719305134868115 1.4553504021846475
U1 20 0.6172629910730839 0.6274286483432987 3.0359382547338827
U1 20 1.5994325648952397 -1.9117428215122252 1.8756958036794371
CX 20 5 
U1 5 1.2855532483757135 -0.289742176663637 -0.7565180975839709
U1 20 0.7728942076270067 -1.5707963267949 -1.5707963267949
CX 20 5 
U1 5 1.9404355043262396 -2.97530256136434 2.0057018099940827
U1 20 0.2800986253831777 0.0 1.5707963267949
CX 20 5 
U1 5 2.7212007872332875 -1.3847447811106979 2.8439929783293953
U1 5 1.844909485583727 -2.350460126960175 0.1333043110713099
CX 15 5 
U1 5 1.2134088809399914 -0.1920251110597544 -1.0635409776875662
U1 15 0.8058904499265136 -1.5707963267949 -1.5707963267949
CX 15 5 
U1 5 1.9404355043262396 -2.97530256136434 2.0057018099940827
U1 15 0.35861140703453015 0.0 1.5707963267949
CX 15 5 
U1 5 1.590279934882597 -1.8891341055498732 -0.06897455070404668
U1 15 1.2080120830559042 1.6001397005813356 3.022647444689933
U1 20 1.4290169427961483 -1.5288599257347335 0.5564702067611398
U1 20 2.6358764575241347 -1.2402609827799032 -2.874361886136204
CX 20 0 
U1 0 1.3784171084917345 -0.3572028556325697 -0.4734345854697537
U1 20 1.3702185883894804 -1.5707963267949 -1.5707963267949
CX 20 0 
U1 0 1.9404355043262396 -2.97530256136434 2.0057018099940827
U1 20 0.2732289211042607 0.0 1.5707963267949
CX 20 0 
U1 0 1.1519822793914534 2.3386034981825414 -1.5540142899582148
U1 20 2.397601219916074 0.7862320737347801 1.4175491252747427
U1 21 1.1762698735217303 1.7108107432490138 -2.422979968274608
CX 21 10 
U1 10 1.2813353545879176 -0.28552867668749027 -0.7713847658157196
U1 21 0.6988883818539579 -1.5707963267949 -1.5707963267949
CX 21 10 
U1 10 1.9404355043262396 -2.97530256136434 2.0057018099940827
U1 21 0.024611337101534545 -3.14159265358979 -1.5707963267949
CX 21 10 
U1 10 0.7514366512729337 -1.3316223473692599 0.3700819388570826
U1 10 1.447139702461864 1.433849257105562 1.6548811871430864
CX 10 8 
U1 8 1.4012741102244692 -0.3682221971131079 -0.41222656014545933
U1 10 1.0006588618104244 -1.5707963267949 -1.5707963267949
CX 10 8 
U1 8 1.9404355043262396 -2.97530256136434 2.0057018099940827
U1 10 0.43181582507038224 0.0 1.5707963267949
CX 10 8 
U1 8 2.6245203701869073 -1.2597312592091088 1.603760528085262
U1 8 2.0319721007915943 2.011705690119057 -0.8439726605574016
U1 10 0.5838532253479098 0.18485569769222332 2.951771085843693
U1 10 1.9585787219345778 1.368508074143234 0.24287177148347272
U1 21 1.5938623764643318 -1.6331506165286136 0.7262559065861964
U1 21 1.0955890917061697 -1.4796134159050927 -1.0848153195692793
CX 13 21 
U1 13 0.5547273592669058 -1.5707963267949 -1.5707963267949
U1 21 1.371339189515529 -0.35341714834676985 -0.4928809443287463
CX 13 21 
U1 13 0.12076214316578403 0.0 1.5707963267949
U1 21 1.9404355043262396 -2.97530256136434 2.0057018099940827
CX 13 21 
U1 13 2.7102686281351343 2.3665683422625348 3.0871107476460606
U1 13 1.3199845467752833 -1.156893071241148 2.320257783087599
CX 13 7 
U1 7 1.2995347096422027 -0.3028256947939787 -0.708894972317097
U1 13 0.9724220128861821 -1.5707963267949 -1.5707963267949
CX 13 7 
U1 7 1.9404355043262396 -2.97530256136434 2.0057018099940827
U1 13 0.04790763547886116 -3.14159265358979 -1.5707963267949
CX 13 7 
U1 7 0.8496527913328555 -1.8471380824346983 1.169787134735822
U1 13 1.744452841686498 -0.22242882555190624 -0.3207237342206768
U1 21 1.926852239482303 -0.7424805931109315 2.561474305279745
U1 21 2.409232028524007 0.18401684340113889 -1.14996249823865
CX 21 12 
U1 12 1.395502538769965 -0.36560705650116354 -0.42746994179954356
U1 21 1.1049527296641966 -1.5707963267949 -1.5707963267949
CX 21 12 
U1 12 1.9404355043262396 -2.97530256136434 2.0057018099940827
U1 21 0.19191130618964372 -3.14159265358979 -1.5707963267949
CX 21 12 
U1 12 1.6941400655486107 2.264320022669313 0.7192661926373893
U1 21 0.5478260625365916 2.229415963716969 -1.004544847211028
U1 22 1.5986315698521079 1.6972804357711038 -1.7576205456558425
CX 2 22 
U1 2 0.5615139540092394 -1.5707963267949 -1.5707963267949
U1 22 1.3239225719200154 -0.3228093780611814 -0.6309311124018606
CX 2 22 
U1 2 0.3415200031378481 0.0 1.5707963267949
U1 22 1.9404355043262396 -2.97530256136434 2.0057018099940827
CX 2 22 
U1 2 1.9484778336865867 -1.1888656634822712 -1.9486197017441
U1 2 1.7260668557617427 1.481496587143261 -0.14781597041854777
CX 2 4 
U1 2 0.8389385955364709 -1.5707963267949 -1.5707963267949
U1 4 1.3249925039643984 -0.3236125554850271 -0.6276374464837389
CX 2 4 
U1 2 0.04538602053020753 0.0 1.5707963267949
U1 4 1.9404355043262396 -2.97530256136434 2.0057018099940827
CX 2 4 
U1 2 2.75934977405479 -2.657024378926058 1.656568094339729
U1 2 1.2132542919373048 1.5367606050511782 1.0395336668016588
CX 2 18 
U1 2 0.7868918270650107 -1.5707963267949 -1.5707963267949
U1 4 2.3756510619109767 -0.9829958260494722 2.527082709685314
U1 4 1.4356848862639335 0.1699456012414191 -2.718932084060378
CX 17 4 
U1 4 1.265227817535425 -0.26814671803023815 -0.8306617121001256
U1 17 0.8564206613368355 -1.5707963267949 -1.5707963267949
CX 17 4 
U1 4 1.9404355043262396 -2.97530256136434 2.0057018099940827
U1 17 0.2171549845234713 -3.14159265358979 -1.5707963267949
CX 17 4 
U1 4 1.368352364821216 -0.782260939167986 -1.552975522508878
U1 17 2.784921427325257 -0.30090753848274954 -2.549707041627614
U1 18 1.4037889505268333 -0.36932762797048824 -0.4056258943056896
CX 2 18 
U1 2 0.04134204509051807 0.0 1.5707963267949
U1 18 1.9404355043262396 -2.97530256136434 2.0057018099940827
CX 2 18 
U1 2 1.924198882422883 1.2303678305274257 2.7098519311947724
U1 18 0.8600493263985372 1.8623901183728293 -2.4078959913081146
U1 22 2.1109368045347514 3.1138308694327366 -0.8456301596876461
U1 22 0.11399019847417212 2.9418667501463327 -0.8226437084580374
CX 22 6 
U1 6 1.2909988425401697 -0.2949940308965635 -0.7376797664669112
U1 22 0.4765312547910909 -1.5707963267949 -1.5707963267949
CX 22 6 
U1 6 1.9404355043262396 -2.97530256136434 2.0057018099940827
U1 22 0.03679099992477145 -3.14159265358979 -1.5707963267949
CX 22 6 
U1 6 0.8529533100122403 0.277591410760063 1.2468270998250208
U1 6 0.9190715704186623 -0.5206513663154704 3.0429633720295817
CX 10 6 
U1 6 1.403052993505246 -0.36900624579998276 -0.4075550166143689
U1 10 1.3812969800691675 -1.5707963267949 -1.5707963267949
CX 10 6 
U1 6 1.9404355043262396 -2.97530256136434 2.0057018099940827
U1 10 0.04209745151216168 -3.14159265358979 -1.5707963267949
CX 10 6 
U1 6 1.9857097769909697 -1.7856505372969664 -0.830126836699931
U1 10 1.6711054512092027 0.19179226913694514 -2.2554663104988264
U1 22 2.683495486392455 1.1755717712313665 0.6721076846346343
U1 22 0.966328377691843 -2.956109155499456 -0.7061973275539577
U1 23 1.550529462915704 2.8452496517388486 1.0383454200716242
CX 23 14 
U1 14 1.3809481667152328 -0.3585123487678903 -0.4665408220082483
U1 23 0.600113442741351 -1.5707963267949 -1.5707963267949
CX 23 14 
U1 14 1.9404355043262396 -2.97530256136434 2.0057018099940827
U1 23 0.1317396269919124 -3.14159265358979 -1.5707963267949
CX 23 14 
U1 14 2.0829840452657464 -0.7283661851103731 -2.876614529424022
U1 14 1.29700171852657 2.0041898219837586 -1.3145724919276753
CX 11 14 
U1 11 0.7017252528660557 -1.5707963267949 -1.5707963267949
U1 14 1.2975317072383066 -0.30103012333273726 -0.7155721201477299
CX 11 14 
U1 11 0.09426755230834853 0.0 1.5707963267949
U1 14 1.9404355043262396 -2.97530256136434 2.0057018099940827
CX 11 14 
U1 11 2.0379594185096113 0.5015624914910481 1.5580150396389456
U1 11 1.6223067016565687 1.2240570501058157 0.027710157388302292
CX 8 11 
U1 8 0.6150152035717529 -1.5707963267949 -1.5707963267949
U1 11 1.3275656307388175 -0.325520688801626 -0.6197555082663726
CX 8 11 
U1 8 0.5101795130632285 -3.14159265358979 -1.5707963267949
U1 11 1.9404355043262396 -2.97530256136434 2.0057018099940827
CX 8 11 
U1 8 0.8667836530358486 1.5822345077521458 0.6777110052946216
U1 11 1.4140556949688785 0.02137571528826321 2.5206920514486892
U1 14 2.5945115091727784 3.1200145831597252 -2.262680598972138
U1 14 0.3563101759371097 0.7331944224586957 0.8060182840676573
CX 14 22 
U1 14 0.399940701899908 -1.5707963267949 -1.5707963267949
U1 22 1.3030751251276536 -0.3059385981813256 -0.6972030736739043
CX 14 22 
U1 14 0.2570080872235464 0.0 1.5707963267949
U1 22 1.9404355043262396 -2.97530256136434 2.0057018099940827
CX 14 22 
U1 14 2.341722409074223 0.40327096308759636 1.6356696836104963
U1 22 2.5844552909338456 -0.9880957064706557 2.7170249893391896
U1 23 1.5816878290470784 3.1412172909728184 -2.6941976714891487
U1 23 1.3823086449162516 3.0489663062752568 0.5142174110578535
CX 1 23 
U1 1 1.1755811821805613 -1.5707963267949 -1.5707963267949
U1 23 1.4064220847914881 -0.37046323418580807 -0.3987406989866358
CX 1 23 
U1 1 0.20099685791082336 -3.14159265358979 -1.5707963267949
U1 23 1.9404355043262396 -2.97530256136434 2.0057018099940827
CX 1 23 
U1 1 0.7504499459884216 1.9644230854210205 -2.7828475186854877
U1 1 1.5352459486755077 -2.642291507803657 -1.788208750381784
CX 19 1 
U1 1 1.2168259705722817 -0.1984440545509445 -1.0451082395526594
U1 19 0.5147713116592547 -1.5707963267949 -1.5707963267949
CX 19 1 
U1 1 1.9404355043262396 -2.97530256136434 2.0057018099940827
U1 19 0.3976729175266447 0.0 1.5707963267949
CX 19 1 
U1 1 2.7436368659191723 -1.141607165531862 1.8173231607016405
U1 19 0.19341724404004032 -1.9200389177654187 -0.25123844583481825
U1 23 2.055193370144839 1.4150157056190569 -2.2264381995049067
U1 23 2.5404666521338264 2.8540628704221156 0.8112905618519672
CX 16 23 
U1 16 0.8007891344333286 -1.5707963267949 -1.5707963267949
U1 23 1.4047368371264968 -0.36973898772054703 -0.40314430811707425
CX 16 23 
U1 16 0.15697655341031258 -3.14159265358979 -1.5707963267949
U1 23 1.9404355043262396 -2.97530256136434 2.0057018099940827
CX 16 23 
U1 16 1.0764456152162272 1.5051704843948635 1.1474465969038201
U1 23 1.3396546287439468 -3.0447802369367096 -2.9773245906148795